  0  1   360  1800   10.00 gravity disturbance, height anomaly, gravity gradient, vertical deflection
     360      0.38967      1.08156      0.02142      0.32462
     361      0.39171      1.08122      0.02165      0.32701
     362      0.39375      1.08088      0.02189      0.32941
     363      0.39580      1.08055      0.02212      0.33180
     364      0.39785      1.08021      0.02236      0.33419
     365      0.39991      1.07987      0.02260      0.33658
     366      0.40197      1.07953      0.02284      0.33897
     367      0.40404      1.07920      0.02308      0.34136
     368      0.40611      1.07887      0.02332      0.34375
     369      0.40819      1.07854      0.02357      0.34613
     370      0.41028      1.07821      0.02382      0.34852
     371      0.41237      1.07789      0.02407      0.35090
     372      0.41447      1.07757      0.02432      0.35327
     373      0.41657      1.07726      0.02457      0.35565
     374      0.41868      1.07695      0.02483      0.35802
     375      0.42080      1.07665      0.02509      0.36038
     376      0.42293      1.07635      0.02535      0.36274
     377      0.42506      1.07606      0.02561      0.36510
     378      0.42720      1.07578      0.02588      0.36745
     379      0.42935      1.07551      0.02614      0.36979
     380      0.43150      1.07524      0.02641      0.37213
     381      0.43367      1.07498      0.02669      0.37446
     382      0.43584      1.07473      0.02696      0.37679
     383      0.43802      1.07449      0.02724      0.37911
     384      0.44021      1.07425      0.02751      0.38142
     385      0.44240      1.07403      0.02780      0.38372
     386      0.44461      1.07382      0.02808      0.38602
     387      0.44683      1.07361      0.02836      0.38831
     388      0.44905      1.07341      0.02865      0.39059
     389      0.45128      1.07323      0.02894      0.39286
     390      0.45353      1.07305      0.02924      0.39512
     391      0.45578      1.07289      0.02953      0.39737
     392      0.45804      1.07273      0.02983      0.39962
     393      0.46031      1.07259      0.03013      0.40185
     394      0.46259      1.07245      0.03043      0.40408
     395      0.46489      1.07233      0.03074      0.40630
     396      0.46719      1.07222      0.03104      0.40850
     397      0.46950      1.07211      0.03136      0.41070
     398      0.47182      1.07202      0.03167      0.41289
     399      0.47415      1.07194      0.03198      0.41506
     400      0.47649      1.07187      0.03230      0.41723
     401      0.47885      1.07180      0.03262      0.41938
     402      0.48121      1.07175      0.03295      0.42153
     403      0.48358      1.07171      0.03327      0.42367
     404      0.48596      1.07168      0.03360      0.42579
     405      0.48836      1.07166      0.03394      0.42790
     406      0.49076      1.07165      0.03427      0.43001
     407      0.49317      1.07164      0.03461      0.43210
     408      0.49560      1.07165      0.03495      0.43418
     409      0.49803      1.07167      0.03529      0.43626
     410      0.50047      1.07169      0.03564      0.43832
     411      0.50293      1.07173      0.03599      0.44037
     412      0.50539      1.07177      0.03634      0.44241
     413      0.50787      1.07182      0.03669      0.44444
     414      0.51035      1.07188      0.03705      0.44646
     415      0.51284      1.07194      0.03741      0.44847
     416      0.51535      1.07201      0.03777      0.45047
     417      0.51786      1.07209      0.03814      0.45247
     418      0.52038      1.07218      0.03851      0.45445
     419      0.52291      1.07227      0.03888      0.45642
     420      0.52546      1.07237      0.03925      0.45838
     421      0.52801      1.07247      0.03963      0.46033
     422      0.53056      1.07258      0.04001      0.46228
     423      0.53313      1.07269      0.04040      0.46421
     424      0.53571      1.07281      0.04078      0.46614
     425      0.53829      1.07293      0.04117      0.46806
     426      0.54088      1.07305      0.04156      0.46997
     427      0.54349      1.07318      0.04196      0.47188
     428      0.54609      1.07331      0.04236      0.47377
     429      0.54871      1.07344      0.04276      0.47566
     430      0.55133      1.07357      0.04316      0.47754
     431      0.55396      1.07371      0.04357      0.47942
     432      0.55660      1.07384      0.04398      0.48128
     433      0.55925      1.07398      0.04439      0.48315
     434      0.56190      1.07411      0.04481      0.48500
     435      0.56455      1.07425      0.04523      0.48685
     436      0.56722      1.07438      0.04565      0.48870
     437      0.56988      1.07451      0.04607      0.49054
     438      0.57256      1.07464      0.04650      0.49238
     439      0.57524      1.07476      0.04693      0.49421
     440      0.57792      1.07488      0.04736      0.49604
     441      0.58061      1.07500      0.04780      0.49787
     442      0.58330      1.07512      0.04824      0.49969
     443      0.58600      1.07523      0.04868      0.50151
     444      0.58870      1.07533      0.04912      0.50333
     445      0.59140      1.07543      0.04957      0.50515
     446      0.59410      1.07552      0.05002      0.50696
     447      0.59681      1.07561      0.05047      0.50878
     448      0.59952      1.07569      0.05093      0.51059
     449      0.60224      1.07576      0.05139      0.51240
     450      0.60495      1.07582      0.05185      0.51422
     451      0.60767      1.07588      0.05231      0.51603
     452      0.61039      1.07592      0.05278      0.51785
     453      0.61310      1.07596      0.05325      0.51967
     454      0.61582      1.07598      0.05372      0.52149
     455      0.61854      1.07600      0.05419      0.52331
     456      0.62126      1.07600      0.05467      0.52513
     457      0.62398      1.07600      0.05515      0.52696
     458      0.62670      1.07598      0.05563      0.52879
     459      0.62941      1.07595      0.05611      0.53063
     460      0.63213      1.07590      0.05660      0.53246
     461      0.63484      1.07585      0.05709      0.53431
     462      0.63755      1.07578      0.05758      0.53616
     463      0.64026      1.07570      0.05807      0.53801
     464      0.64296      1.07560      0.05857      0.53987
     465      0.64566      1.07549      0.05907      0.54174
     466      0.64836      1.07536      0.05957      0.54362
     467      0.65105      1.07522      0.06007      0.54550
     468      0.65374      1.07506      0.06058      0.54739
     469      0.65643      1.07489      0.06109      0.54928
     470      0.65911      1.07470      0.06160      0.55119
     471      0.66179      1.07450      0.06211      0.55310
     472      0.66446      1.07427      0.06263      0.55502
     473      0.66712      1.07404      0.06314      0.55695
     474      0.66978      1.07378      0.06366      0.55889
     475      0.67243      1.07351      0.06418      0.56085
     476      0.67508      1.07322      0.06471      0.56281
     477      0.67771      1.07291      0.06523      0.56478
     478      0.68035      1.07258      0.06576      0.56676
     479      0.68297      1.07224      0.06629      0.56875
     480      0.68559      1.07188      0.06682      0.57076
     481      0.68820      1.07149      0.06735      0.57277
     482      0.69080      1.07109      0.06788      0.57480
     483      0.69339      1.07067      0.06842      0.57684
     484      0.69597      1.07024      0.06896      0.57889
     485      0.69855      1.06978      0.06950      0.58096
     486      0.70111      1.06930      0.07004      0.58303
     487      0.70367      1.06881      0.07059      0.58512
     488      0.70622      1.06830      0.07113      0.58723
     489      0.70875      1.06776      0.07168      0.58934
     490      0.71128      1.06721      0.07223      0.59147
     491      0.71380      1.06664      0.07278      0.59362
     492      0.71631      1.06605      0.07333      0.59577
     493      0.71880      1.06544      0.07388      0.59794
     494      0.72129      1.06481      0.07444      0.60013
     495      0.72376      1.06416      0.07500      0.60232
     496      0.72623      1.06349      0.07555      0.60454
     497      0.72868      1.06280      0.07612      0.60676
     498      0.73113      1.06210      0.07668      0.60900
     499      0.73356      1.06137      0.07724      0.61125
     500      0.73598      1.06063      0.07780      0.61352
     501      0.73839      1.05987      0.07837      0.61580
     502      0.74079      1.05909      0.07894      0.61810
     503      0.74318      1.05829      0.07951      0.62041
     504      0.74555      1.05747      0.08008      0.62273
     505      0.74792      1.05664      0.08065      0.62507
     506      0.75027      1.05578      0.08122      0.62742
     507      0.75261      1.05491      0.08180      0.62978
     508      0.75494      1.05402      0.08237      0.63216
     509      0.75726      1.05312      0.08295      0.63455
     510      0.75957      1.05220      0.08353      0.63695
     511      0.76187      1.05126      0.08411      0.63937
     512      0.76415      1.05031      0.08469      0.64180
     513      0.76642      1.04933      0.08527      0.64424
     514      0.76868      1.04835      0.08586      0.64669
     515      0.77093      1.04735      0.08644      0.64916
     516      0.77317      1.04633      0.08703      0.65164
     517      0.77540      1.04530      0.08762      0.65413
     518      0.77762      1.04425      0.08821      0.65663
     519      0.77983      1.04319      0.08880      0.65914
     520      0.78202      1.04211      0.08939      0.66167
     521      0.78421      1.04103      0.08998      0.66420
     522      0.78638      1.03992      0.09058      0.66674
     523      0.78854      1.03881      0.09117      0.66930
     524      0.79070      1.03768      0.09177      0.67186
     525      0.79284      1.03654      0.09237      0.67444
     526      0.79497      1.03539      0.09297      0.67702
     527      0.79710      1.03423      0.09357      0.67961
     528      0.79921      1.03305      0.09418      0.68221
     529      0.80132      1.03187      0.09478      0.68482
     530      0.80341      1.03068      0.09539      0.68743
     531      0.80550      1.02947      0.09600      0.69005
     532      0.80758      1.02826      0.09660      0.69268
     533      0.80965      1.02703      0.09721      0.69532
     534      0.81171      1.02580      0.09783      0.69796
     535      0.81376      1.02456      0.09844      0.70060
     536      0.81581      1.02332      0.09906      0.70325
     537      0.81784      1.02206      0.09967      0.70590
     538      0.81987      1.02080      0.10029      0.70856
     539      0.82190      1.01953      0.10091      0.71122
     540      0.82391      1.01826      0.10153      0.71389
     541      0.82592      1.01698      0.10216      0.71656
     542      0.82792      1.01569      0.10278      0.71923
     543      0.82992      1.01440      0.10341      0.72190
     544      0.83191      1.01311      0.10404      0.72457
     545      0.83390      1.01181      0.10467      0.72724
     546      0.83588      1.01051      0.10530      0.72991
     547      0.83785      1.00920      0.10594      0.73259
     548      0.83982      1.00790      0.10657      0.73526
     549      0.84179      1.00658      0.10721      0.73793
     550      0.84375      1.00527      0.10785      0.74059
     551      0.84571      1.00396      0.10849      0.74326
     552      0.84767      1.00264      0.10914      0.74592
     553      0.84962      1.00133      0.10978      0.74858
     554      0.85157      1.00001      0.11043      0.75124
     555      0.85351      0.99869      0.11108      0.75389
     556      0.85546      0.99738      0.11174      0.75653
     557      0.85740      0.99606      0.11239      0.75917
     558      0.85934      0.99475      0.11305      0.76181
     559      0.86128      0.99343      0.11371      0.76443
     560      0.86322      0.99212      0.11437      0.76705
     561      0.86515      0.99081      0.11504      0.76967
     562      0.86709      0.98951      0.11570      0.77227
     563      0.86902      0.98820      0.11637      0.77487
     564      0.87096      0.98690      0.11705      0.77746
     565      0.87290      0.98560      0.11772      0.78004
     566      0.87483      0.98431      0.11840      0.78261
     567      0.87677      0.98302      0.11908      0.78516
     568      0.87871      0.98173      0.11976      0.78771
     569      0.88065      0.98045      0.12045      0.79025
     570      0.88259      0.97917      0.12114      0.79278
     571      0.88454      0.97790      0.12183      0.79529
     572      0.88648      0.97664      0.12252      0.79779
     573      0.88843      0.97538      0.12322      0.80028
     574      0.89038      0.97412      0.12392      0.80276
     575      0.89234      0.97287      0.12463      0.80522
     576      0.89429      0.97163      0.12533      0.80767
     577      0.89625      0.97039      0.12604      0.81010
     578      0.89822      0.96916      0.12676      0.81252
     579      0.90019      0.96794      0.12747      0.81493
     580      0.90216      0.96672      0.12819      0.81732
     581      0.90413      0.96551      0.12891      0.81969
     582      0.90611      0.96431      0.12964      0.82205
     583      0.90810      0.96312      0.13037      0.82440
     584      0.91009      0.96193      0.13110      0.82672
     585      0.91208      0.96075      0.13184      0.82903
     586      0.91408      0.95958      0.13258      0.83133
     587      0.91609      0.95842      0.13332      0.83361
     588      0.91810      0.95726      0.13407      0.83587
     589      0.92011      0.95611      0.13482      0.83811
     590      0.92213      0.95497      0.13557      0.84033
     591      0.92416      0.95384      0.13633      0.84254
     592      0.92619      0.95272      0.13709      0.84473
     593      0.92823      0.95160      0.13785      0.84690
     594      0.93027      0.95049      0.13862      0.84905
     595      0.93232      0.94939      0.13939      0.85119
     596      0.93438      0.94830      0.14017      0.85331
     597      0.93644      0.94722      0.14095      0.85541
     598      0.93851      0.94614      0.14173      0.85749
     599      0.94058      0.94508      0.14252      0.85955
     600      0.94266      0.94402      0.14331      0.86159
     601      0.94475      0.94297      0.14411      0.86362
     602      0.94684      0.94192      0.14490      0.86562
     603      0.94894      0.94089      0.14571      0.86761
     604      0.95105      0.93986      0.14651      0.86958
     605      0.95316      0.93884      0.14732      0.87153
     606      0.95528      0.93783      0.14814      0.87347
     607      0.95740      0.93683      0.14896      0.87538
     608      0.95953      0.93583      0.14978      0.87728
     609      0.96167      0.93484      0.15060      0.87916
     610      0.96381      0.93386      0.15143      0.88102
     611      0.96595      0.93288      0.15227      0.88286
     612      0.96811      0.93191      0.15311      0.88469
     613      0.97026      0.93095      0.15395      0.88650
     614      0.97243      0.92999      0.15479      0.88829
     615      0.97460      0.92904      0.15564      0.89006
     616      0.97677      0.92810      0.15649      0.89182
     617      0.97895      0.92716      0.15735      0.89356
     618      0.98113      0.92623      0.15821      0.89529
     619      0.98332      0.92530      0.15908      0.89700
     620      0.98551      0.92438      0.15995      0.89869
     621      0.98771      0.92347      0.16082      0.90037
     622      0.98991      0.92256      0.16169      0.90203
     623      0.99212      0.92165      0.16257      0.90368
     624      0.99433      0.92075      0.16346      0.90531
     625      0.99654      0.91985      0.16435      0.90693
     626      0.99875      0.91896      0.16524      0.90853
     627      1.00097      0.91807      0.16613      0.91013
     628      1.00319      0.91718      0.16703      0.91170
     629      1.00541      0.91630      0.16793      0.91327
     630      1.00764      0.91542      0.16884      0.91482
     631      1.00987      0.91454      0.16975      0.91636
     632      1.01210      0.91366      0.17066      0.91789
     633      1.01433      0.91279      0.17158      0.91941
     634      1.01656      0.91192      0.17250      0.92092
     635      1.01879      0.91105      0.17342      0.92241
     636      1.02102      0.91018      0.17434      0.92390
     637      1.02326      0.90932      0.17527      0.92538
     638      1.02549      0.90845      0.17621      0.92685
     639      1.02772      0.90759      0.17714      0.92831
     640      1.02996      0.90672      0.17808      0.92976
     641      1.03219      0.90586      0.17902      0.93120
     642      1.03442      0.90500      0.17997      0.93264
     643      1.03665      0.90413      0.18092      0.93407
     644      1.03887      0.90326      0.18187      0.93549
     645      1.04110      0.90240      0.18282      0.93691
     646      1.04332      0.90153      0.18378      0.93832
     647      1.04554      0.90066      0.18474      0.93972
     648      1.04775      0.89979      0.18570      0.94113
     649      1.04996      0.89892      0.18667      0.94252
     650      1.05217      0.89804      0.18763      0.94392
     651      1.05438      0.89717      0.18860      0.94531
     652      1.05658      0.89628      0.18958      0.94670
     653      1.05877      0.89540      0.19055      0.94808
     654      1.06096      0.89452      0.19153      0.94947
     655      1.06314      0.89363      0.19251      0.95085
     656      1.06532      0.89273      0.19349      0.95224
     657      1.06749      0.89183      0.19448      0.95362
     658      1.06965      0.89093      0.19546      0.95500
     659      1.07181      0.89003      0.19645      0.95638
     660      1.07396      0.88911      0.19744      0.95777
     661      1.07610      0.88820      0.19843      0.95915
     662      1.07824      0.88728      0.19943      0.96054
     663      1.08037      0.88635      0.20042      0.96193
     664      1.08248      0.88542      0.20142      0.96332
     665      1.08459      0.88448      0.20242      0.96472
     666      1.08669      0.88354      0.20342      0.96612
     667      1.08878      0.88259      0.20442      0.96752
     668      1.09086      0.88164      0.20542      0.96893
     669      1.09293      0.88068      0.20643      0.97034
     670      1.09499      0.87971      0.20743      0.97176
     671      1.09704      0.87873      0.20844      0.97318
     672      1.09908      0.87775      0.20945      0.97461
     673      1.10111      0.87676      0.21046      0.97605
     674      1.10313      0.87577      0.21147      0.97749
     675      1.10513      0.87477      0.21248      0.97894
     676      1.10712      0.87376      0.21349      0.98040
     677      1.10910      0.87274      0.21451      0.98186
     678      1.11107      0.87172      0.21552      0.98333
     679      1.11303      0.87068      0.21654      0.98481
     680      1.11497      0.86964      0.21755      0.98630
     681      1.11690      0.86860      0.21857      0.98779
     682      1.11882      0.86754      0.21958      0.98930
     683      1.12072      0.86648      0.22060      0.99081
     684      1.12261      0.86541      0.22162      0.99234
     685      1.12449      0.86433      0.22264      0.99387
     686      1.12635      0.86324      0.22366      0.99541
     687      1.12820      0.86214      0.22467      0.99696
     688      1.13003      0.86104      0.22569      0.99853
     689      1.13185      0.85993      0.22671      1.00010
     690      1.13365      0.85881      0.22773      1.00168
     691      1.13544      0.85768      0.22875      1.00327
     692      1.13722      0.85654      0.22977      1.00488
     693      1.13898      0.85540      0.23079      1.00649
     694      1.14072      0.85425      0.23181      1.00811
     695      1.14245      0.85308      0.23283      1.00975
     696      1.14417      0.85192      0.23385      1.01140
     697      1.14587      0.85074      0.23487      1.01305
     698      1.14755      0.84955      0.23588      1.01472
     699      1.14922      0.84836      0.23690      1.01640
     700      1.15088      0.84716      0.23792      1.01808
     701      1.15252      0.84595      0.23894      1.01978
     702      1.15414      0.84474      0.23996      1.02149
     703      1.15575      0.84351      0.24098      1.02321
     704      1.15734      0.84228      0.24199      1.02494
     705      1.15892      0.84104      0.24301      1.02669
     706      1.16049      0.83979      0.24403      1.02844
     707      1.16203      0.83854      0.24504      1.03020
     708      1.16357      0.83728      0.24606      1.03197
     709      1.16508      0.83601      0.24707      1.03375
     710      1.16659      0.83474      0.24809      1.03554
     711      1.16808      0.83346      0.24910      1.03734
     712      1.16955      0.83217      0.25012      1.03915
     713      1.17101      0.83087      0.25113      1.04097
     714      1.17245      0.82957      0.25215      1.04279
     715      1.17388      0.82827      0.25316      1.04463
     716      1.17530      0.82695      0.25417      1.04647
     717      1.17670      0.82563      0.25518      1.04833
     718      1.17808      0.82431      0.25620      1.05019
     719      1.17946      0.82298      0.25721      1.05205
     720      1.18082      0.82164      0.25822      1.05393
     721      1.18216      0.82030      0.25923      1.05581
     722      1.18349      0.81896      0.26024      1.05770
     723      1.18481      0.81761      0.26125      1.05959
     724      1.18612      0.81625      0.26226      1.06149
     725      1.18741      0.81489      0.26327      1.06340
     726      1.18870      0.81353      0.26428      1.06531
     727      1.18996      0.81216      0.26529      1.06722
     728      1.19122      0.81079      0.26630      1.06914
     729      1.19247      0.80942      0.26731      1.07106
     730      1.19370      0.80804      0.26832      1.07299
     731      1.19492      0.80666      0.26933      1.07492
     732      1.19613      0.80527      0.27033      1.07685
     733      1.19733      0.80389      0.27134      1.07879
     734      1.19852      0.80250      0.27235      1.08073
     735      1.19970      0.80111      0.27336      1.08266
     736      1.20087      0.79971      0.27437      1.08460
     737      1.20203      0.79832      0.27538      1.08654
     738      1.20318      0.79692      0.27639      1.08848
     739      1.20432      0.79552      0.27740      1.09042
     740      1.20545      0.79412      0.27841      1.09236
     741      1.20658      0.79272      0.27942      1.09430
     742      1.20769      0.79132      0.28043      1.09624
     743      1.20880      0.78991      0.28145      1.09817
     744      1.20990      0.78851      0.28246      1.10010
     745      1.21099      0.78711      0.28347      1.10203
     746      1.21208      0.78571      0.28449      1.10395
     747      1.21315      0.78430      0.28550      1.10587
     748      1.21423      0.78290      0.28652      1.10779
     749      1.21529      0.78150      0.28753      1.10970
     750      1.21635      0.78010      0.28855      1.11160
     751      1.21740      0.77870      0.28957      1.11350
     752      1.21845      0.77730      0.29059      1.11539
     753      1.21950      0.77591      0.29161      1.11728
     754      1.22054      0.77451      0.29263      1.11915
     755      1.22157      0.77312      0.29366      1.12102
     756      1.22260      0.77173      0.29468      1.12288
     757      1.22363      0.77034      0.29571      1.12474
     758      1.22466      0.76896      0.29674      1.12658
     759      1.22568      0.76757      0.29777      1.12841
     760      1.22669      0.76619      0.29880      1.13024
     761      1.22771      0.76482      0.29983      1.13205
     762      1.22872      0.76344      0.30086      1.13385
     763      1.22974      0.76207      0.30190      1.13564
     764      1.23075      0.76071      0.30294      1.13742
     765      1.23175      0.75934      0.30398      1.13918
     766      1.23276      0.75799      0.30502      1.14094
     767      1.23377      0.75663      0.30607      1.14268
     768      1.23478      0.75528      0.30711      1.14440
     769      1.23578      0.75393      0.30816      1.14612
     770      1.23679      0.75259      0.30921      1.14781
     771      1.23779      0.75125      0.31027      1.14950
     772      1.23880      0.74992      0.31132      1.15117
     773      1.23981      0.74859      0.31238      1.15282
     774      1.24082      0.74727      0.31344      1.15446
     775      1.24183      0.74595      0.31451      1.15608
     776      1.24284      0.74464      0.31558      1.15768
     777      1.24385      0.74333      0.31665      1.15927
     778      1.24486      0.74203      0.31772      1.16084
     779      1.24588      0.74073      0.31879      1.16240
     780      1.24690      0.73944      0.31987      1.16394
     781      1.24792      0.73815      0.32095      1.16546
     782      1.24894      0.73687      0.32204      1.16696
     783      1.24997      0.73560      0.32312      1.16844
     784      1.25100      0.73433      0.32421      1.16991
     785      1.25203      0.73306      0.32531      1.17136
     786      1.25307      0.73181      0.32640      1.17279
     787      1.25411      0.73056      0.32751      1.17420
     788      1.25515      0.72931      0.32861      1.17559
     789      1.25619      0.72807      0.32972      1.17696
     790      1.25724      0.72684      0.33083      1.17831
     791      1.25830      0.72561      0.33194      1.17965
     792      1.25935      0.72439      0.33306      1.18096
     793      1.26041      0.72318      0.33418      1.18226
     794      1.26148      0.72197      0.33530      1.18353
     795      1.26254      0.72076      0.33643      1.18479
     796      1.26362      0.71957      0.33756      1.18602
     797      1.26469      0.71838      0.33869      1.18724
     798      1.26577      0.71719      0.33983      1.18844
     799      1.26686      0.71601      0.34098      1.18962
     800      1.26795      0.71484      0.34212      1.19077
     801      1.26904      0.71367      0.34327      1.19191
     802      1.27014      0.71251      0.34442      1.19303
     803      1.27124      0.71136      0.34558      1.19413
     804      1.27234      0.71021      0.34674      1.19521
     805      1.27345      0.70906      0.34790      1.19627
     806      1.27457      0.70792      0.34907      1.19731
     807      1.27568      0.70679      0.35024      1.19833
     808      1.27680      0.70567      0.35142      1.19934
     809      1.27793      0.70454      0.35260      1.20032
     810      1.27906      0.70343      0.35378      1.20129
     811      1.28019      0.70232      0.35496      1.20224
     812      1.28132      0.70121      0.35615      1.20317
     813      1.28246      0.70011      0.35735      1.20408
     814      1.28360      0.69902      0.35854      1.20497
     815      1.28475      0.69793      0.35974      1.20585
     816      1.28590      0.69684      0.36095      1.20671
     817      1.28705      0.69576      0.36215      1.20755
     818      1.28820      0.69468      0.36336      1.20838
     819      1.28936      0.69361      0.36458      1.20919
     820      1.29051      0.69255      0.36579      1.20998
     821      1.29167      0.69148      0.36701      1.21076
     822      1.29284      0.69042      0.36824      1.21152
     823      1.29400      0.68937      0.36946      1.21226
     824      1.29517      0.68832      0.37069      1.21299
     825      1.29633      0.68727      0.37193      1.21371
     826      1.29750      0.68623      0.37316      1.21441
     827      1.29867      0.68519      0.37440      1.21510
     828      1.29984      0.68415      0.37564      1.21578
     829      1.30101      0.68312      0.37689      1.21644
     830      1.30218      0.68209      0.37814      1.21709
     831      1.30335      0.68106      0.37939      1.21772
     832      1.30452      0.68004      0.38064      1.21835
     833      1.30569      0.67902      0.38189      1.21896
     834      1.30686      0.67800      0.38315      1.21956
     835      1.30803      0.67698      0.38441      1.22015
     836      1.30919      0.67597      0.38567      1.22073
     837      1.31036      0.67495      0.38694      1.22130
     838      1.31152      0.67394      0.38821      1.22186
     839      1.31268      0.67293      0.38948      1.22241
     840      1.31384      0.67193      0.39075      1.22295
     841      1.31500      0.67092      0.39202      1.22349
     842      1.31615      0.66992      0.39330      1.22402
     843      1.31730      0.66892      0.39457      1.22454
     844      1.31844      0.66791      0.39585      1.22505
     845      1.31959      0.66691      0.39713      1.22555
     846      1.32073      0.66591      0.39841      1.22605
     847      1.32186      0.66491      0.39970      1.22655
     848      1.32299      0.66392      0.40098      1.22704
     849      1.32411      0.66292      0.40227      1.22752
     850      1.32523      0.66192      0.40355      1.22800
     851      1.32635      0.66092      0.40484      1.22848
     852      1.32745      0.65992      0.40613      1.22895
     853      1.32855      0.65892      0.40742      1.22942
     854      1.32965      0.65793      0.40871      1.22989
     855      1.33074      0.65693      0.41000      1.23035
     856      1.33182      0.65593      0.41129      1.23082
     857      1.33289      0.65493      0.41258      1.23128
     858      1.33396      0.65393      0.41388      1.23174
     859      1.33502      0.65292      0.41517      1.23220
     860      1.33607      0.65192      0.41646      1.23266
     861      1.33711      0.65092      0.41775      1.23313
     862      1.33815      0.64991      0.41904      1.23359
     863      1.33917      0.64890      0.42034      1.23405
     864      1.34019      0.64790      0.42163      1.23452
     865      1.34119      0.64689      0.42292      1.23498
     866      1.34219      0.64587      0.42421      1.23545
     867      1.34318      0.64486      0.42550      1.23593
     868      1.34415      0.64384      0.42679      1.23640
     869      1.34512      0.64283      0.42808      1.23688
     870      1.34607      0.64181      0.42937      1.23736
     871      1.34702      0.64078      0.43066      1.23785
     872      1.34795      0.63976      0.43194      1.23834
     873      1.34887      0.63873      0.43323      1.23884
     874      1.34978      0.63771      0.43451      1.23934
     875      1.35068      0.63667      0.43580      1.23984
     876      1.35157      0.63564      0.43708      1.24035
     877      1.35245      0.63460      0.43836      1.24087
     878      1.35331      0.63357      0.43963      1.24139
     879      1.35416      0.63252      0.44091      1.24192
     880      1.35500      0.63148      0.44219      1.24246
     881      1.35582      0.63043      0.44346      1.24300
     882      1.35664      0.62938      0.44473      1.24355
     883      1.35743      0.62833      0.44600      1.24411
     884      1.35822      0.62727      0.44727      1.24467
     885      1.35899      0.62621      0.44853      1.24524
     886      1.35975      0.62515      0.44980      1.24582
     887      1.36050      0.62409      0.45106      1.24641
     888      1.36123      0.62302      0.45232      1.24700
     889      1.36195      0.62195      0.45357      1.24761
     890      1.36266      0.62087      0.45483      1.24822
     891      1.36335      0.61980      0.45608      1.24884
     892      1.36403      0.61872      0.45733      1.24946
     893      1.36469      0.61763      0.45857      1.25010
     894      1.36534      0.61655      0.45982      1.25074
     895      1.36597      0.61546      0.46106      1.25140
     896      1.36659      0.61437      0.46230      1.25206
     897      1.36720      0.61327      0.46353      1.25273
     898      1.36780      0.61217      0.46477      1.25340
     899      1.36837      0.61107      0.46600      1.25409
     900      1.36894      0.60997      0.46723      1.25479
     901      1.36949      0.60886      0.46845      1.25549
     902      1.37003      0.60775      0.46967      1.25620
     903      1.37055      0.60664      0.47089      1.25692
     904      1.37106      0.60552      0.47211      1.25765
     905      1.37155      0.60441      0.47332      1.25839
     906      1.37204      0.60329      0.47453      1.25913
     907      1.37250      0.60216      0.47574      1.25988
     908      1.37296      0.60104      0.47695      1.26064
     909      1.37340      0.59991      0.47815      1.26141
     910      1.37382      0.59878      0.47935      1.26218
     911      1.37424      0.59765      0.48054      1.26297
     912      1.37464      0.59651      0.48174      1.26376
     913      1.37502      0.59537      0.48293      1.26455
     914      1.37540      0.59423      0.48411      1.26535
     915      1.37576      0.59309      0.48530      1.26616
     916      1.37610      0.59195      0.48648      1.26698
     917      1.37644      0.59080      0.48766      1.26780
     918      1.37676      0.58966      0.48884      1.26863
     919      1.37707      0.58851      0.49001      1.26946
     920      1.37737      0.58736      0.49118      1.27030
     921      1.37766      0.58621      0.49235      1.27114
     922      1.37793      0.58505      0.49352      1.27199
     923      1.37819      0.58390      0.49468      1.27284
     924      1.37845      0.58274      0.49584      1.27370
     925      1.37869      0.58159      0.49700      1.27456
     926      1.37891      0.58043      0.49815      1.27542
     927      1.37913      0.57927      0.49931      1.27629
     928      1.37934      0.57811      0.50046      1.27716
     929      1.37954      0.57695      0.50161      1.27803
     930      1.37973      0.57579      0.50275      1.27890
     931      1.37990      0.57463      0.50390      1.27978
     932      1.38007      0.57347      0.50504      1.28066
     933      1.38023      0.57231      0.50618      1.28153
     934      1.38038      0.57115      0.50732      1.28241
     935      1.38052      0.56998      0.50845      1.28329
     936      1.38065      0.56882      0.50959      1.28417
     937      1.38078      0.56766      0.51072      1.28505
     938      1.38089      0.56650      0.51185      1.28593
     939      1.38100      0.56534      0.51298      1.28680
     940      1.38110      0.56418      0.51411      1.28768
     941      1.38119      0.56302      0.51524      1.28855
     942      1.38128      0.56186      0.51636      1.28942
     943      1.38136      0.56070      0.51749      1.29029
     944      1.38143      0.55955      0.51861      1.29115
     945      1.38150      0.55839      0.51973      1.29201
     946      1.38156      0.55724      0.52085      1.29287
     947      1.38161      0.55609      0.52197      1.29372
     948      1.38166      0.55493      0.52309      1.29457
     949      1.38171      0.55378      0.52421      1.29541
     950      1.38174      0.55264      0.52533      1.29625
     951      1.38178      0.55149      0.52645      1.29708
     952      1.38181      0.55034      0.52756      1.29790
     953      1.38184      0.54920      0.52868      1.29872
     954      1.38186      0.54806      0.52980      1.29953
     955      1.38188      0.54692      0.53091      1.30033
     956      1.38189      0.54579      0.53203      1.30113
     957      1.38191      0.54465      0.53315      1.30191
     958      1.38192      0.54352      0.53426      1.30269
     959      1.38193      0.54239      0.53538      1.30346
     960      1.38193      0.54127      0.53650      1.30422
     961      1.38193      0.54014      0.53761      1.30497
     962      1.38194      0.53902      0.53873      1.30571
     963      1.38194      0.53791      0.53985      1.30644
     964      1.38194      0.53679      0.54097      1.30716
     965      1.38194      0.53568      0.54209      1.30786
     966      1.38193      0.53457      0.54321      1.30856
     967      1.38193      0.53347      0.54433      1.30924
     968      1.38193      0.53237      0.54545      1.30991
     969      1.38193      0.53127      0.54658      1.31057
     970      1.38192      0.53017      0.54770      1.31122
     971      1.38192      0.52908      0.54883      1.31185
     972      1.38192      0.52799      0.54996      1.31247
     973      1.38192      0.52691      0.55109      1.31308
     974      1.38192      0.52583      0.55222      1.31367
     975      1.38192      0.52475      0.55335      1.31425
     976      1.38192      0.52368      0.55449      1.31482
     977      1.38193      0.52261      0.55562      1.31537
     978      1.38193      0.52155      0.55676      1.31590
     979      1.38194      0.52049      0.55790      1.31642
     980      1.38195      0.51943      0.55904      1.31693
     981      1.38196      0.51838      0.56019      1.31742
     982      1.38198      0.51733      0.56133      1.31790
     983      1.38199      0.51628      0.56248      1.31836
     984      1.38201      0.51524      0.56363      1.31880
     985      1.38204      0.51421      0.56479      1.31923
     986      1.38206      0.51317      0.56594      1.31964
     987      1.38209      0.51215      0.56710      1.32004
     988      1.38212      0.51112      0.56826      1.32042
     989      1.38215      0.51010      0.56942      1.32078
     990      1.38219      0.50909      0.57059      1.32113
     991      1.38223      0.50808      0.57175      1.32146
     992      1.38228      0.50707      0.57292      1.32177
     993      1.38232      0.50607      0.57410      1.32207
     994      1.38237      0.50507      0.57527      1.32235
     995      1.38243      0.50408      0.57645      1.32261
     996      1.38248      0.50309      0.57763      1.32286
     997      1.38255      0.50210      0.57882      1.32309
     998      1.38261      0.50112      0.58000      1.32331
     999      1.38268      0.50014      0.58119      1.32351
    1000      1.38275      0.49917      0.58238      1.32369
    1001      1.38283      0.49820      0.58358      1.32385
    1002      1.38290      0.49724      0.58478      1.32400
    1003      1.38299      0.49628      0.58598      1.32414
    1004      1.38307      0.49532      0.58718      1.32425
    1005      1.38316      0.49437      0.58839      1.32435
    1006      1.38325      0.49342      0.58959      1.32444
    1007      1.38335      0.49247      0.59081      1.32451
    1008      1.38345      0.49153      0.59202      1.32456
    1009      1.38355      0.49060      0.59324      1.32460
    1010      1.38366      0.48966      0.59446      1.32462
    1011      1.38377      0.48874      0.59568      1.32462
    1012      1.38388      0.48781      0.59690      1.32462
    1013      1.38399      0.48689      0.59813      1.32459
    1014      1.38411      0.48597      0.59936      1.32455
    1015      1.38423      0.48506      0.60059      1.32450
    1016      1.38435      0.48415      0.60183      1.32444
    1017      1.38447      0.48324      0.60306      1.32435
    1018      1.38460      0.48233      0.60430      1.32426
    1019      1.38473      0.48143      0.60555      1.32415
    1020      1.38486      0.48054      0.60679      1.32403
    1021      1.38499      0.47964      0.60804      1.32390
    1022      1.38513      0.47875      0.60928      1.32375
    1023      1.38526      0.47786      0.61053      1.32359
    1024      1.38540      0.47698      0.61179      1.32342
    1025      1.38554      0.47610      0.61304      1.32323
    1026      1.38568      0.47522      0.61430      1.32304
    1027      1.38582      0.47434      0.61556      1.32283
    1028      1.38596      0.47347      0.61682      1.32262
    1029      1.38610      0.47260      0.61808      1.32239
    1030      1.38624      0.47173      0.61934      1.32215
    1031      1.38639      0.47087      0.62060      1.32190
    1032      1.38653      0.47000      0.62187      1.32164
    1033      1.38667      0.46914      0.62314      1.32138
    1034      1.38681      0.46828      0.62440      1.32110
    1035      1.38695      0.46743      0.62567      1.32081
    1036      1.38709      0.46657      0.62694      1.32052
    1037      1.38722      0.46572      0.62821      1.32022
    1038      1.38736      0.46487      0.62949      1.31991
    1039      1.38749      0.46402      0.63076      1.31960
    1040      1.38763      0.46317      0.63203      1.31927
    1041      1.38776      0.46233      0.63330      1.31894
    1042      1.38789      0.46148      0.63458      1.31861
    1043      1.38801      0.46064      0.63585      1.31827
    1044      1.38813      0.45980      0.63712      1.31792
    1045      1.38825      0.45896      0.63840      1.31757
    1046      1.38837      0.45812      0.63967      1.31721
    1047      1.38848      0.45729      0.64095      1.31685
    1048      1.38859      0.45645      0.64222      1.31649
    1049      1.38870      0.45562      0.64349      1.31612
    1050      1.38880      0.45478      0.64476      1.31575
    1051      1.38889      0.45395      0.64603      1.31538
    1052      1.38899      0.45312      0.64731      1.31500
    1053      1.38907      0.45229      0.64857      1.31463
    1054      1.38916      0.45146      0.64984      1.31425
    1055      1.38923      0.45063      0.65111      1.31387
    1056      1.38930      0.44980      0.65238      1.31348
    1057      1.38937      0.44897      0.65364      1.31310
    1058      1.38943      0.44814      0.65490      1.31272
    1059      1.38948      0.44731      0.65617      1.31234
    1060      1.38953      0.44649      0.65743      1.31195
    1061      1.38957      0.44566      0.65868      1.31157
    1062      1.38960      0.44483      0.65994      1.31119
    1063      1.38963      0.44400      0.66119      1.31081
    1064      1.38965      0.44318      0.66244      1.31043
    1065      1.38966      0.44235      0.66369      1.31006
    1066      1.38967      0.44152      0.66494      1.30968
    1067      1.38966      0.44070      0.66618      1.30931
    1068      1.38965      0.43987      0.66743      1.30895
    1069      1.38963      0.43904      0.66866      1.30858
    1070      1.38960      0.43821      0.66990      1.30822
    1071      1.38957      0.43738      0.67113      1.30786
    1072      1.38952      0.43655      0.67236      1.30751
    1073      1.38947      0.43572      0.67359      1.30716
    1074      1.38940      0.43489      0.67481      1.30681
    1075      1.38933      0.43406      0.67603      1.30647
    1076      1.38925      0.43323      0.67725      1.30613
    1077      1.38916      0.43240      0.67846      1.30580
    1078      1.38906      0.43157      0.67967      1.30548
    1079      1.38895      0.43074      0.68088      1.30515
    1080      1.38883      0.42990      0.68208      1.30484
    1081      1.38870      0.42907      0.68328      1.30453
    1082      1.38856      0.42823      0.68447      1.30423
    1083      1.38841      0.42740      0.68566      1.30393
    1084      1.38825      0.42656      0.68684      1.30364
    1085      1.38808      0.42572      0.68803      1.30335
    1086      1.38790      0.42489      0.68920      1.30308
    1087      1.38771      0.42405      0.69038      1.30280
    1088      1.38751      0.42321      0.69154      1.30254
    1089      1.38730      0.42237      0.69271      1.30228
    1090      1.38708      0.42153      0.69387      1.30203
    1091      1.38685      0.42068      0.69502      1.30178
    1092      1.38660      0.41984      0.69617      1.30155
    1093      1.38635      0.41900      0.69732      1.30132
    1094      1.38608      0.41815      0.69846      1.30109
    1095      1.38581      0.41731      0.69959      1.30088
    1096      1.38552      0.41646      0.70073      1.30067
    1097      1.38523      0.41561      0.70185      1.30047
    1098      1.38492      0.41476      0.70297      1.30027
    1099      1.38460      0.41391      0.70409      1.30008
    1100      1.38427      0.41307      0.70520      1.29990
    1101      1.38393      0.41221      0.70631      1.29973
    1102      1.38358      0.41136      0.70741      1.29956
    1103      1.38322      0.41051      0.70851      1.29940
    1104      1.38285      0.40966      0.70960      1.29925
    1105      1.38247      0.40881      0.71069      1.29910
    1106      1.38208      0.40795      0.71177      1.29896
    1107      1.38167      0.40710      0.71285      1.29883
    1108      1.38126      0.40624      0.71392      1.29870
    1109      1.38084      0.40539      0.71499      1.29858
    1110      1.38040      0.40453      0.71605      1.29847
    1111      1.37996      0.40367      0.71711      1.29836
    1112      1.37951      0.40282      0.71817      1.29826
    1113      1.37904      0.40196      0.71921      1.29816
    1114      1.37857      0.40110      0.72026      1.29807
    1115      1.37809      0.40024      0.72130      1.29798
    1116      1.37760      0.39938      0.72233      1.29790
    1117      1.37710      0.39852      0.72336      1.29783
    1118      1.37659      0.39766      0.72439      1.29776
    1119      1.37607      0.39680      0.72541      1.29769
    1120      1.37554      0.39594      0.72642      1.29763
    1121      1.37500      0.39508      0.72743      1.29758
    1122      1.37446      0.39422      0.72844      1.29752
    1123      1.37390      0.39337      0.72944      1.29747
    1124      1.37334      0.39251      0.73044      1.29743
    1125      1.37277      0.39165      0.73144      1.29739
    1126      1.37219      0.39079      0.73243      1.29735
    1127      1.37161      0.38993      0.73341      1.29731
    1128      1.37102      0.38907      0.73439      1.29728
    1129      1.37042      0.38821      0.73537      1.29725
    1130      1.36981      0.38735      0.73635      1.29722
    1131      1.36919      0.38649      0.73732      1.29719
    1132      1.36857      0.38564      0.73828      1.29716
    1133      1.36794      0.38478      0.73925      1.29714
    1134      1.36731      0.38393      0.74021      1.29711
    1135      1.36667      0.38307      0.74116      1.29709
    1136      1.36602      0.38222      0.74212      1.29706
    1137      1.36537      0.38136      0.74307      1.29704
    1138      1.36471      0.38051      0.74401      1.29701
    1139      1.36405      0.37966      0.74496      1.29699
    1140      1.36338      0.37881      0.74590      1.29696
    1141      1.36271      0.37796      0.74684      1.29694
    1142      1.36203      0.37711      0.74777      1.29691
    1143      1.36135      0.37626      0.74870      1.29688
    1144      1.36066      0.37541      0.74963      1.29684
    1145      1.35997      0.37457      0.75056      1.29681
    1146      1.35928      0.37373      0.75149      1.29677
    1147      1.35858      0.37288      0.75241      1.29673
    1148      1.35788      0.37204      0.75333      1.29669
    1149      1.35717      0.37120      0.75425      1.29664
    1150      1.35646      0.37036      0.75517      1.29658
    1151      1.35575      0.36953      0.75608      1.29653
    1152      1.35504      0.36869      0.75700      1.29647
    1153      1.35433      0.36786      0.75791      1.29640
    1154      1.35361      0.36703      0.75882      1.29633
    1155      1.35289      0.36620      0.75973      1.29625
    1156      1.35217      0.36537      0.76064      1.29617
    1157      1.35145      0.36455      0.76155      1.29608
    1158      1.35072      0.36372      0.76245      1.29598
    1159      1.35000      0.36290      0.76336      1.29588
    1160      1.34928      0.36208      0.76426      1.29577
    1161      1.34855      0.36127      0.76517      1.29566
    1162      1.34782      0.36045      0.76607      1.29553
    1163      1.34710      0.35964      0.76697      1.29540
    1164      1.34637      0.35883      0.76788      1.29526
    1165      1.34565      0.35802      0.76878      1.29511
    1166      1.34492      0.35721      0.76968      1.29496
    1167      1.34419      0.35641      0.77059      1.29479
    1168      1.34347      0.35561      0.77149      1.29462
    1169      1.34275      0.35481      0.77239      1.29444
    1170      1.34202      0.35401      0.77329      1.29424
    1171      1.34130      0.35322      0.77420      1.29404
    1172      1.34058      0.35243      0.77510      1.29383
    1173      1.33986      0.35164      0.77601      1.29361
    1174      1.33914      0.35085      0.77691      1.29338
    1175      1.33843      0.35007      0.77782      1.29313
    1176      1.33772      0.34929      0.77873      1.29288
    1177      1.33700      0.34851      0.77963      1.29262
    1178      1.33630      0.34773      0.78054      1.29234
    1179      1.33559      0.34696      0.78145      1.29206
    1180      1.33488      0.34619      0.78236      1.29176
    1181      1.33418      0.34542      0.78327      1.29145
    1182      1.33348      0.34466      0.78419      1.29113
    1183      1.33279      0.34390      0.78510      1.29080
    1184      1.33209      0.34314      0.78602      1.29046
    1185      1.33140      0.34238      0.78694      1.29011
    1186      1.33071      0.34163      0.78786      1.28974
    1187      1.33003      0.34088      0.78878      1.28936
    1188      1.32935      0.34013      0.78970      1.28897
    1189      1.32867      0.33939      0.79062      1.28857
    1190      1.32799      0.33864      0.79155      1.28816
    1191      1.32732      0.33791      0.79248      1.28773
    1192      1.32665      0.33717      0.79341      1.28729
    1193      1.32599      0.33644      0.79434      1.28684
    1194      1.32533      0.33571      0.79527      1.28638
    1195      1.32467      0.33498      0.79621      1.28591
    1196      1.32401      0.33425      0.79714      1.28542
    1197      1.32336      0.33353      0.79808      1.28492
    1198      1.32271      0.33281      0.79902      1.28441
    1199      1.32207      0.33210      0.79996      1.28389
    1200      1.32143      0.33138      0.80091      1.28335
    1201      1.32079      0.33067      0.80185      1.28280
    1202      1.32016      0.32996      0.80280      1.28225
    1203      1.31953      0.32926      0.80375      1.28167
    1204      1.31890      0.32856      0.80470      1.28109
    1205      1.31828      0.32786      0.80566      1.28050
    1206      1.31766      0.32716      0.80662      1.27989
    1207      1.31704      0.32647      0.80757      1.27927
    1208      1.31643      0.32577      0.80853      1.27865
    1209      1.31582      0.32508      0.80949      1.27801
    1210      1.31521      0.32440      0.81046      1.27735
    1211      1.31461      0.32371      0.81142      1.27669
    1212      1.31401      0.32303      0.81239      1.27602
    1213      1.31341      0.32235      0.81336      1.27534
    1214      1.31281      0.32168      0.81433      1.27464
    1215      1.31222      0.32100      0.81530      1.27394
    1216      1.31163      0.32033      0.81627      1.27322
    1217      1.31104      0.31966      0.81725      1.27250
    1218      1.31046      0.31900      0.81822      1.27176
    1219      1.30988      0.31833      0.81920      1.27102
    1220      1.30930      0.31767      0.82018      1.27026
    1221      1.30872      0.31701      0.82116      1.26950
    1222      1.30814      0.31635      0.82214      1.26873
    1223      1.30757      0.31570      0.82313      1.26795
    1224      1.30700      0.31505      0.82411      1.26716
    1225      1.30642      0.31439      0.82509      1.26636
    1226      1.30586      0.31375      0.82608      1.26556
    1227      1.30529      0.31310      0.82707      1.26474
    1228      1.30472      0.31245      0.82805      1.26392
    1229      1.30416      0.31181      0.82904      1.26310
    1230      1.30359      0.31117      0.83003      1.26226
    1231      1.30303      0.31053      0.83102      1.26142
    1232      1.30246      0.30989      0.83200      1.26057
    1233      1.30190      0.30926      0.83299      1.25971
    1234      1.30134      0.30862      0.83398      1.25885
    1235      1.30078      0.30799      0.83497      1.25799
    1236      1.30021      0.30736      0.83596      1.25711
    1237      1.29965      0.30673      0.83695      1.25624
    1238      1.29909      0.30610      0.83794      1.25535
    1239      1.29852      0.30548      0.83892      1.25447
    1240      1.29796      0.30485      0.83991      1.25357
    1241      1.29739      0.30423      0.84090      1.25268
    1242      1.29683      0.30361      0.84188      1.25178
    1243      1.29626      0.30299      0.84287      1.25088
    1244      1.29569      0.30237      0.84385      1.24997
    1245      1.29512      0.30175      0.84484      1.24906
    1246      1.29455      0.30113      0.84582      1.24815
    1247      1.29397      0.30052      0.84680      1.24723
    1248      1.29340      0.29990      0.84778      1.24632
    1249      1.29282      0.29929      0.84875      1.24540
    1250      1.29224      0.29868      0.84973      1.24448
    1251      1.29165      0.29806      0.85070      1.24356
    1252      1.29107      0.29745      0.85168      1.24264
    1253      1.29048      0.29684      0.85264      1.24171
    1254      1.28989      0.29623      0.85361      1.24079
    1255      1.28929      0.29563      0.85458      1.23987
    1256      1.28869      0.29502      0.85554      1.23894
    1257      1.28809      0.29441      0.85650      1.23802
    1258      1.28748      0.29381      0.85746      1.23710
    1259      1.28687      0.29320      0.85841      1.23617
    1260      1.28626      0.29260      0.85936      1.23525
    1261      1.28564      0.29199      0.86031      1.23433
    1262      1.28502      0.29139      0.86126      1.23342
    1263      1.28439      0.29079      0.86220      1.23250
    1264      1.28376      0.29018      0.86314      1.23159
    1265      1.28312      0.28958      0.86407      1.23067
    1266      1.28248      0.28898      0.86500      1.22977
    1267      1.28183      0.28838      0.86593      1.22886
    1268      1.28118      0.28778      0.86686      1.22796
    1269      1.28052      0.28718      0.86778      1.22706
    1270      1.27986      0.28658      0.86869      1.22616
    1271      1.27919      0.28598      0.86960      1.22526
    1272      1.27851      0.28538      0.87051      1.22437
    1273      1.27783      0.28478      0.87141      1.22349
    1274      1.27715      0.28418      0.87231      1.22261
    1275      1.27646      0.28358      0.87321      1.22173
    1276      1.27576      0.28298      0.87410      1.22086
    1277      1.27505      0.28238      0.87498      1.21999
    1278      1.27434      0.28178      0.87586      1.21912
    1279      1.27362      0.28119      0.87674      1.21826
    1280      1.27290      0.28059      0.87761      1.21741
    1281      1.27217      0.27999      0.87847      1.21656
    1282      1.27143      0.27939      0.87933      1.21572
    1283      1.27069      0.27879      0.88019      1.21488
    1284      1.26994      0.27819      0.88104      1.21405
    1285      1.26918      0.27760      0.88188      1.21322
    1286      1.26842      0.27700      0.88272      1.21240
    1287      1.26765      0.27640      0.88355      1.21158
    1288      1.26687      0.27580      0.88438      1.21077
    1289      1.26608      0.27520      0.88521      1.20997
    1290      1.26529      0.27461      0.88602      1.20917
    1291      1.26449      0.27401      0.88683      1.20837
    1292      1.26368      0.27341      0.88764      1.20759
    1293      1.26287      0.27281      0.88844      1.20681
    1294      1.26205      0.27221      0.88923      1.20603
    1295      1.26122      0.27161      0.89002      1.20526
    1296      1.26039      0.27102      0.89081      1.20450
    1297      1.25954      0.27042      0.89158      1.20375
    1298      1.25870      0.26982      0.89235      1.20300
    1299      1.25784      0.26922      0.89312      1.20225
    1300      1.25698      0.26862      0.89388      1.20151
    1301      1.25610      0.26803      0.89463      1.20078
    1302      1.25523      0.26743      0.89538      1.20005
    1303      1.25434      0.26683      0.89612      1.19933
    1304      1.25345      0.26623      0.89686      1.19862
    1305      1.25255      0.26563      0.89759      1.19791
    1306      1.25165      0.26503      0.89831      1.19721
    1307      1.25074      0.26444      0.89903      1.19651
    1308      1.24982      0.26384      0.89974      1.19582
    1309      1.24889      0.26324      0.90045      1.19513
    1310      1.24796      0.26264      0.90115      1.19445
    1311      1.24702      0.26205      0.90185      1.19378
    1312      1.24608      0.26145      0.90254      1.19311
    1313      1.24512      0.26085      0.90322      1.19244
    1314      1.24417      0.26026      0.90390      1.19178
    1315      1.24320      0.25966      0.90457      1.19112
    1316      1.24223      0.25906      0.90524      1.19047
    1317      1.24126      0.25847      0.90590      1.18983
    1318      1.24028      0.25787      0.90656      1.18918
    1319      1.23929      0.25727      0.90721      1.18855
    1320      1.23830      0.25668      0.90786      1.18791
    1321      1.23730      0.25608      0.90850      1.18728
    1322      1.23629      0.25549      0.90913      1.18665
    1323      1.23528      0.25490      0.90976      1.18603
    1324      1.23427      0.25430      0.91039      1.18541
    1325      1.23325      0.25371      0.91101      1.18480
    1326      1.23223      0.25312      0.91163      1.18418
    1327      1.23120      0.25252      0.91224      1.18357
    1328      1.23016      0.25193      0.91284      1.18296
    1329      1.22913      0.25134      0.91344      1.18236
    1330      1.22808      0.25075      0.91404      1.18175
    1331      1.22704      0.25016      0.91463      1.18115
    1332      1.22599      0.24957      0.91522      1.18055
    1333      1.22493      0.24898      0.91581      1.17995
    1334      1.22387      0.24840      0.91639      1.17936
    1335      1.22281      0.24781      0.91696      1.17876
    1336      1.22175      0.24722      0.91754      1.17817
    1337      1.22068      0.24664      0.91810      1.17757
    1338      1.21961      0.24605      0.91867      1.17698
    1339      1.21853      0.24547      0.91923      1.17639
    1340      1.21745      0.24489      0.91979      1.17579
    1341      1.21637      0.24431      0.92034      1.17520
    1342      1.21529      0.24373      0.92089      1.17461
    1343      1.21421      0.24315      0.92144      1.17401
    1344      1.21312      0.24257      0.92198      1.17342
    1345      1.21203      0.24199      0.92253      1.17282
    1346      1.21094      0.24141      0.92306      1.17222
    1347      1.20985      0.24084      0.92360      1.17162
    1348      1.20875      0.24026      0.92413      1.17102
    1349      1.20766      0.23969      0.92466      1.17042
    1350      1.20656      0.23912      0.92519      1.16981
    1351      1.20546      0.23855      0.92572      1.16920
    1352      1.20437      0.23798      0.92624      1.16859
    1353      1.20327      0.23741      0.92677      1.16798
    1354      1.20217      0.23684      0.92729      1.16736
    1355      1.20107      0.23628      0.92780      1.16674
    1356      1.19997      0.23571      0.92832      1.16612
    1357      1.19887      0.23515      0.92884      1.16549
    1358      1.19777      0.23459      0.92935      1.16486
    1359      1.19667      0.23403      0.92986      1.16423
    1360      1.19557      0.23347      0.93037      1.16359
    1361      1.19447      0.23291      0.93088      1.16294
    1362      1.19337      0.23236      0.93139      1.16229
    1363      1.19227      0.23180      0.93190      1.16164
    1364      1.19118      0.23125      0.93241      1.16098
    1365      1.19008      0.23070      0.93292      1.16032
    1366      1.18899      0.23015      0.93342      1.15965
    1367      1.18789      0.22960      0.93393      1.15897
    1368      1.18680      0.22906      0.93443      1.15829
    1369      1.18571      0.22851      0.93494      1.15760
    1370      1.18462      0.22797      0.93544      1.15691
    1371      1.18354      0.22743      0.93595      1.15621
    1372      1.18245      0.22689      0.93645      1.15550
    1373      1.18137      0.22635      0.93696      1.15479
    1374      1.18029      0.22582      0.93747      1.15407
    1375      1.17921      0.22528      0.93797      1.15335
    1376      1.17814      0.22475      0.93848      1.15261
    1377      1.17706      0.22422      0.93898      1.15188
    1378      1.17599      0.22369      0.93949      1.15113
    1379      1.17492      0.22316      0.94000      1.15037
    1380      1.17386      0.22264      0.94051      1.14961
    1381      1.17280      0.22212      0.94101      1.14884
    1382      1.17174      0.22159      0.94152      1.14807
    1383      1.17068      0.22107      0.94204      1.14728
    1384      1.16963      0.22056      0.94255      1.14649
    1385      1.16857      0.22004      0.94306      1.14569
    1386      1.16753      0.21953      0.94357      1.14488
    1387      1.16648      0.21901      0.94409      1.14407
    1388      1.16544      0.21850      0.94460      1.14325
    1389      1.16440      0.21799      0.94512      1.14241
    1390      1.16337      0.21749      0.94564      1.14158
    1391      1.16234      0.21698      0.94616      1.14073
    1392      1.16131      0.21648      0.94668      1.13987
    1393      1.16029      0.21598      0.94720      1.13901
    1394      1.15926      0.21548      0.94773      1.13814
    1395      1.15825      0.21498      0.94825      1.13726
    1396      1.15723      0.21449      0.94878      1.13637
    1397      1.15622      0.21399      0.94931      1.13548
    1398      1.15521      0.21350      0.94984      1.13457
    1399      1.15421      0.21301      0.95037      1.13366
    1400      1.15321      0.21252      0.95090      1.13274
    1401      1.15221      0.21204      0.95143      1.13182
    1402      1.15122      0.21155      0.95197      1.13088
    1403      1.15023      0.21107      0.95250      1.12994
    1404      1.14924      0.21059      0.95304      1.12899
    1405      1.14826      0.21011      0.95358      1.12803
    1406      1.14728      0.20963      0.95412      1.12706
    1407      1.14630      0.20915      0.95466      1.12609
    1408      1.14533      0.20868      0.95521      1.12511
    1409      1.14436      0.20821      0.95575      1.12412
    1410      1.14339      0.20774      0.95630      1.12313
    1411      1.14243      0.20727      0.95685      1.12212
    1412      1.14147      0.20680      0.95740      1.12112
    1413      1.14051      0.20633      0.95795      1.12010
    1414      1.13955      0.20587      0.95850      1.11908
    1415      1.13860      0.20541      0.95905      1.11805
    1416      1.13765      0.20495      0.95960      1.11701
    1417      1.13671      0.20449      0.96016      1.11597
    1418      1.13576      0.20403      0.96071      1.11492
    1419      1.13482      0.20357      0.96127      1.11386
    1420      1.13388      0.20312      0.96183      1.11280
    1421      1.13294      0.20267      0.96238      1.11174
    1422      1.13201      0.20221      0.96294      1.11066
    1423      1.13108      0.20176      0.96350      1.10959
    1424      1.13015      0.20132      0.96406      1.10850
    1425      1.12922      0.20087      0.96462      1.10741
    1426      1.12829      0.20042      0.96518      1.10632
    1427      1.12737      0.19998      0.96574      1.10522
    1428      1.12645      0.19953      0.96630      1.10412
    1429      1.12553      0.19909      0.96686      1.10301
    1430      1.12461      0.19865      0.96742      1.10190
    1431      1.12369      0.19821      0.96798      1.10079
    1432      1.12277      0.19777      0.96855      1.09967
    1433      1.12186      0.19734      0.96911      1.09854
    1434      1.12094      0.19690      0.96967      1.09742
    1435      1.12003      0.19647      0.97023      1.09629
    1436      1.11912      0.19603      0.97078      1.09515
    1437      1.11820      0.19560      0.97134      1.09402
    1438      1.11729      0.19517      0.97190      1.09288
    1439      1.11638      0.19474      0.97246      1.09174
    1440      1.11547      0.19431      0.97301      1.09059
    1441      1.11456      0.19389      0.97357      1.08945
    1442      1.11365      0.19346      0.97412      1.08830
    1443      1.11274      0.19303      0.97467      1.08715
    1444      1.11183      0.19261      0.97522      1.08600
    1445      1.11092      0.19218      0.97577      1.08485
    1446      1.11001      0.19176      0.97632      1.08370
    1447      1.10909      0.19134      0.97687      1.08254
    1448      1.10818      0.19092      0.97741      1.08139
    1449      1.10727      0.19050      0.97795      1.08023
    1450      1.10635      0.19008      0.97849      1.07908
    1451      1.10544      0.18966      0.97903      1.07792
    1452      1.10452      0.18924      0.97956      1.07677
    1453      1.10360      0.18882      0.98010      1.07561
    1454      1.10269      0.18841      0.98063      1.07446
    1455      1.10176      0.18799      0.98116      1.07330
    1456      1.10084      0.18758      0.98168      1.07215
    1457      1.09992      0.18716      0.98220      1.07100
    1458      1.09899      0.18675      0.98272      1.06985
    1459      1.09806      0.18633      0.98324      1.06870
    1460      1.09713      0.18592      0.98375      1.06755
    1461      1.09620      0.18551      0.98426      1.06641
    1462      1.09527      0.18510      0.98476      1.06526
    1463      1.09433      0.18469      0.98527      1.06412
    1464      1.09339      0.18428      0.98576      1.06298
    1465      1.09245      0.18387      0.98626      1.06185
    1466      1.09150      0.18346      0.98675      1.06071
    1467      1.09056      0.18305      0.98724      1.05958
    1468      1.08961      0.18264      0.98772      1.05845
    1469      1.08865      0.18223      0.98820      1.05733
    1470      1.08770      0.18183      0.98867      1.05621
    1471      1.08674      0.18142      0.98914      1.05509
    1472      1.08577      0.18101      0.98961      1.05397
    1473      1.08481      0.18060      0.99007      1.05286
    1474      1.08384      0.18020      0.99053      1.05175
    1475      1.08286      0.17979      0.99098      1.05065
    1476      1.08189      0.17939      0.99143      1.04955
    1477      1.08091      0.17898      0.99187      1.04845
    1478      1.07992      0.17858      0.99231      1.04736
    1479      1.07893      0.17817      0.99274      1.04627
    1480      1.07794      0.17777      0.99317      1.04519
    1481      1.07695      0.17737      0.99359      1.04411
    1482      1.07595      0.17696      0.99401      1.04304
    1483      1.07494      0.17656      0.99442      1.04197
    1484      1.07394      0.17616      0.99482      1.04091
    1485      1.07293      0.17575      0.99523      1.03985
    1486      1.07191      0.17535      0.99562      1.03879
    1487      1.07089      0.17495      0.99601      1.03774
    1488      1.06987      0.17455      0.99640      1.03670
    1489      1.06884      0.17415      0.99678      1.03566
    1490      1.06781      0.17374      0.99715      1.03462
    1491      1.06677      0.17334      0.99752      1.03359
    1492      1.06573      0.17294      0.99788      1.03257
    1493      1.06469      0.17254      0.99824      1.03155
    1494      1.06364      0.17214      0.99859      1.03053
    1495      1.06258      0.17174      0.99893      1.02952
    1496      1.06153      0.17134      0.99927      1.02852
    1497      1.06047      0.17094      0.99961      1.02752
    1498      1.05940      0.17054      0.99994      1.02652
    1499      1.05833      0.17014      1.00026      1.02553
    1500      1.05726      0.16974      1.00058      1.02455
    1501      1.05618      0.16934      1.00089      1.02357
    1502      1.05510      0.16895      1.00119      1.02260
    1503      1.05401      0.16855      1.00149      1.02163
    1504      1.05292      0.16815      1.00179      1.02066
    1505      1.05182      0.16775      1.00207      1.01970
    1506      1.05073      0.16735      1.00236      1.01875
    1507      1.04962      0.16696      1.00263      1.01780
    1508      1.04852      0.16656      1.00290      1.01686
    1509      1.04741      0.16616      1.00317      1.01592
    1510      1.04629      0.16577      1.00343      1.01498
    1511      1.04517      0.16537      1.00368      1.01405
    1512      1.04405      0.16497      1.00393      1.01312
    1513      1.04293      0.16458      1.00418      1.01220
    1514      1.04180      0.16418      1.00441      1.01128
    1515      1.04067      0.16379      1.00465      1.01037
    1516      1.03953      0.16339      1.00487      1.00946
    1517      1.03839      0.16300      1.00509      1.00855
    1518      1.03725      0.16261      1.00531      1.00765
    1519      1.03610      0.16221      1.00552      1.00675
    1520      1.03496      0.16182      1.00573      1.00586
    1521      1.03380      0.16143      1.00593      1.00497
    1522      1.03265      0.16104      1.00613      1.00408
    1523      1.03149      0.16065      1.00632      1.00320
    1524      1.03033      0.16025      1.00651      1.00232
    1525      1.02917      0.15986      1.00669      1.00144
    1526      1.02800      0.15947      1.00687      1.00056
    1527      1.02684      0.15908      1.00704      0.99969
    1528      1.02567      0.15869      1.00721      0.99882
    1529      1.02449      0.15831      1.00737      0.99795
    1530      1.02332      0.15792      1.00753      0.99709
    1531      1.02214      0.15753      1.00769      0.99623
    1532      1.02096      0.15714      1.00784      0.99536
    1533      1.01978      0.15676      1.00798      0.99451
    1534      1.01860      0.15637      1.00813      0.99365
    1535      1.01741      0.15599      1.00827      0.99279
    1536      1.01623      0.15560      1.00840      0.99194
    1537      1.01504      0.15522      1.00854      0.99109
    1538      1.01385      0.15484      1.00866      0.99023
    1539      1.01266      0.15445      1.00879      0.98938
    1540      1.01147      0.15407      1.00891      0.98853
    1541      1.01028      0.15369      1.00903      0.98768
    1542      1.00909      0.15331      1.00915      0.98683
    1543      1.00790      0.15293      1.00926      0.98598
    1544      1.00670      0.15255      1.00937      0.98514
    1545      1.00551      0.15217      1.00947      0.98429
    1546      1.00431      0.15180      1.00958      0.98344
    1547      1.00312      0.15142      1.00968      0.98259
    1548      1.00192      0.15104      1.00978      0.98174
    1549      1.00073      0.15067      1.00988      0.98089
    1550      0.99953      0.15029      1.00997      0.98004
    1551      0.99833      0.14992      1.01006      0.97919
    1552      0.99714      0.14955      1.01015      0.97833
    1553      0.99594      0.14918      1.01024      0.97748
    1554      0.99475      0.14881      1.01033      0.97662
    1555      0.99356      0.14844      1.01041      0.97576
    1556      0.99236      0.14807      1.01050      0.97490
    1557      0.99117      0.14770      1.01058      0.97404
    1558      0.98998      0.14734      1.01066      0.97318
    1559      0.98879      0.14697      1.01074      0.97231
    1560      0.98760      0.14660      1.01082      0.97145
    1561      0.98641      0.14624      1.01090      0.97058
    1562      0.98523      0.14588      1.01097      0.96970
    1563      0.98404      0.14552      1.01105      0.96883
    1564      0.98286      0.14516      1.01112      0.96795
    1565      0.98168      0.14480      1.01120      0.96707
    1566      0.98049      0.14444      1.01127      0.96619
    1567      0.97932      0.14408      1.01134      0.96530
    1568      0.97814      0.14372      1.01142      0.96441
    1569      0.97696      0.14337      1.01149      0.96351
    1570      0.97579      0.14301      1.01156      0.96262
    1571      0.97462      0.14266      1.01163      0.96171
    1572      0.97345      0.14231      1.01171      0.96081
    1573      0.97229      0.14196      1.01178      0.95990
    1574      0.97112      0.14161      1.01185      0.95899
    1575      0.96996      0.14126      1.01192      0.95807
    1576      0.96880      0.14091      1.01200      0.95715
    1577      0.96765      0.14056      1.01207      0.95622
    1578      0.96649      0.14022      1.01214      0.95529
    1579      0.96534      0.13987      1.01222      0.95436
    1580      0.96419      0.13953      1.01229      0.95342
    1581      0.96305      0.13919      1.01237      0.95248
    1582      0.96190      0.13885      1.01245      0.95153
    1583      0.96076      0.13851      1.01252      0.95058
    1584      0.95963      0.13817      1.01260      0.94963
    1585      0.95849      0.13783      1.01268      0.94866
    1586      0.95736      0.13750      1.01276      0.94770
    1587      0.95623      0.13716      1.01284      0.94673
    1588      0.95511      0.13683      1.01292      0.94575
    1589      0.95399      0.13650      1.01301      0.94477
    1590      0.95287      0.13616      1.01309      0.94379
    1591      0.95175      0.13583      1.01318      0.94280
    1592      0.95064      0.13551      1.01326      0.94180
    1593      0.94953      0.13518      1.01335      0.94081
    1594      0.94842      0.13485      1.01344      0.93980
    1595      0.94732      0.13453      1.01353      0.93879
    1596      0.94622      0.13420      1.01362      0.93778
    1597      0.94512      0.13388      1.01372      0.93676
    1598      0.94403      0.13356      1.01381      0.93574
    1599      0.94294      0.13323      1.01390      0.93471
    1600      0.94185      0.13291      1.01400      0.93367
    1601      0.94077      0.13260      1.01410      0.93264
    1602      0.93969      0.13228      1.01420      0.93159
    1603      0.93861      0.13196      1.01430      0.93055
    1604      0.93754      0.13165      1.01440      0.92949
    1605      0.93647      0.13133      1.01450      0.92844
    1606      0.93540      0.13102      1.01461      0.92738
    1607      0.93433      0.13071      1.01471      0.92631
    1608      0.93327      0.13040      1.01482      0.92524
    1609      0.93221      0.13009      1.01493      0.92417
    1610      0.93116      0.12978      1.01504      0.92309
    1611      0.93010      0.12947      1.01515      0.92201
    1612      0.92905      0.12916      1.01526      0.92092
    1613      0.92801      0.12886      1.01537      0.91983
    1614      0.92696      0.12855      1.01549      0.91873
    1615      0.92592      0.12825      1.01560      0.91763
    1616      0.92488      0.12795      1.01572      0.91653
    1617      0.92384      0.12765      1.01583      0.91543
    1618      0.92281      0.12735      1.01595      0.91432
    1619      0.92178      0.12705      1.01607      0.91320
    1620      0.92075      0.12675      1.01619      0.91209
    1621      0.91972      0.12645      1.01631      0.91097
    1622      0.91870      0.12616      1.01643      0.90984
    1623      0.91768      0.12586      1.01655      0.90872
    1624      0.91666      0.12557      1.01667      0.90759
    1625      0.91564      0.12527      1.01679      0.90645
    1626      0.91463      0.12498      1.01691      0.90532
    1627      0.91361      0.12469      1.01703      0.90418
    1628      0.91260      0.12440      1.01715      0.90304
    1629      0.91159      0.12411      1.01727      0.90190
    1630      0.91058      0.12382      1.01740      0.90076
    1631      0.90958      0.12353      1.01752      0.89961
    1632      0.90857      0.12324      1.01764      0.89846
    1633      0.90757      0.12296      1.01776      0.89731
    1634      0.90657      0.12267      1.01788      0.89616
    1635      0.90557      0.12238      1.01800      0.89500
    1636      0.90457      0.12210      1.01812      0.89385
    1637      0.90357      0.12182      1.01824      0.89269
    1638      0.90258      0.12153      1.01836      0.89154
    1639      0.90158      0.12125      1.01848      0.89038
    1640      0.90059      0.12097      1.01860      0.88922
    1641      0.89959      0.12069      1.01871      0.88806
    1642      0.89860      0.12041      1.01883      0.88690
    1643      0.89761      0.12013      1.01894      0.88574
    1644      0.89662      0.11985      1.01905      0.88458
    1645      0.89563      0.11957      1.01916      0.88342
    1646      0.89464      0.11930      1.01927      0.88225
    1647      0.89365      0.11902      1.01938      0.88109
    1648      0.89266      0.11874      1.01949      0.87993
    1649      0.89167      0.11847      1.01959      0.87877
    1650      0.89068      0.11819      1.01969      0.87761
    1651      0.88969      0.11792      1.01979      0.87645
    1652      0.88870      0.11765      1.01989      0.87529
    1653      0.88771      0.11737      1.01999      0.87414
    1654      0.88672      0.11710      1.02008      0.87298
    1655      0.88573      0.11683      1.02017      0.87182
    1656      0.88474      0.11656      1.02026      0.87067
    1657      0.88374      0.11629      1.02035      0.86952
    1658      0.88275      0.11602      1.02043      0.86837
    1659      0.88176      0.11575      1.02052      0.86722
    1660      0.88077      0.11548      1.02059      0.86607
    1661      0.87977      0.11521      1.02067      0.86493
    1662      0.87878      0.11494      1.02074      0.86378
    1663      0.87778      0.11467      1.02081      0.86264
    1664      0.87678      0.11440      1.02088      0.86150
    1665      0.87579      0.11414      1.02094      0.86037
    1666      0.87479      0.11387      1.02100      0.85923
    1667      0.87379      0.11360      1.02105      0.85810
    1668      0.87279      0.11334      1.02110      0.85697
    1669      0.87178      0.11307      1.02115      0.85585
    1670      0.87078      0.11280      1.02120      0.85473
    1671      0.86977      0.11254      1.02124      0.85361
    1672      0.86876      0.11227      1.02127      0.85249
    1673      0.86776      0.11201      1.02131      0.85138
    1674      0.86674      0.11175      1.02134      0.85027
    1675      0.86573      0.11148      1.02136      0.84916
    1676      0.86472      0.11122      1.02138      0.84806
    1677      0.86370      0.11096      1.02140      0.84696
    1678      0.86268      0.11069      1.02141      0.84586
    1679      0.86166      0.11043      1.02142      0.84477
    1680      0.86064      0.11017      1.02142      0.84368
    1681      0.85962      0.10991      1.02142      0.84260
    1682      0.85859      0.10965      1.02141      0.84152
    1683      0.85757      0.10938      1.02140      0.84044
    1684      0.85654      0.10912      1.02139      0.83936
    1685      0.85551      0.10886      1.02137      0.83830
    1686      0.85447      0.10860      1.02134      0.83723
    1687      0.85344      0.10834      1.02132      0.83617
    1688      0.85240      0.10808      1.02128      0.83511
    1689      0.85136      0.10782      1.02124      0.83406
    1690      0.85032      0.10756      1.02120      0.83301
    1691      0.84927      0.10730      1.02115      0.83197
    1692      0.84822      0.10705      1.02110      0.83093
    1693      0.84718      0.10679      1.02104      0.82989
    1694      0.84613      0.10653      1.02098      0.82886
    1695      0.84507      0.10627      1.02091      0.82783
    1696      0.84402      0.10601      1.02084      0.82681
    1697      0.84296      0.10576      1.02076      0.82579
    1698      0.84190      0.10550      1.02068      0.82477
    1699      0.84084      0.10524      1.02059      0.82376
    1700      0.83977      0.10498      1.02050      0.82275
    1701      0.83871      0.10473      1.02040      0.82175
    1702      0.83764      0.10447      1.02030      0.82075
    1703      0.83657      0.10422      1.02019      0.81976
    1704      0.83550      0.10396      1.02008      0.81877
    1705      0.83442      0.10370      1.01996      0.81778
    1706      0.83334      0.10345      1.01984      0.81680
    1707      0.83227      0.10319      1.01971      0.81582
    1708      0.83119      0.10294      1.01958      0.81485
    1709      0.83010      0.10269      1.01944      0.81388
    1710      0.82902      0.10243      1.01930      0.81291
    1711      0.82793      0.10218      1.01915      0.81195
    1712      0.82684      0.10193      1.01900      0.81099
    1713      0.82575      0.10167      1.01885      0.81003
    1714      0.82466      0.10142      1.01869      0.80908
    1715      0.82357      0.10117      1.01852      0.80813
    1716      0.82247      0.10091      1.01835      0.80719
    1717      0.82138      0.10066      1.01818      0.80624
    1718      0.82028      0.10041      1.01800      0.80531
    1719      0.81918      0.10016      1.01782      0.80437
    1720      0.81808      0.09991      1.01763      0.80344
    1721      0.81698      0.09966      1.01744      0.80251
    1722      0.81587      0.09941      1.01725      0.80158
    1723      0.81477      0.09916      1.01705      0.80066
    1724      0.81366      0.09891      1.01685      0.79974
    1725      0.81255      0.09866      1.01664      0.79882
    1726      0.81145      0.09841      1.01643      0.79791
    1727      0.81034      0.09816      1.01621      0.79700
    1728      0.80923      0.09792      1.01599      0.79609
    1729      0.80811      0.09767      1.01577      0.79518
    1730      0.80700      0.09742      1.01555      0.79427
    1731      0.80589      0.09717      1.01532      0.79337
    1732      0.80478      0.09693      1.01509      0.79247
    1733      0.80366      0.09668      1.01485      0.79157
    1734      0.80255      0.09644      1.01461      0.79067
    1735      0.80143      0.09619      1.01437      0.78977
    1736      0.80032      0.09595      1.01412      0.78888
    1737      0.79920      0.09570      1.01388      0.78799
    1738      0.79808      0.09546      1.01362      0.78710
    1739      0.79697      0.09522      1.01337      0.78621
    1740      0.79585      0.09497      1.01311      0.78532
    1741      0.79474      0.09473      1.01286      0.78443
    1742      0.79362      0.09449      1.01259      0.78354
    1743      0.79250      0.09425      1.01233      0.78266
    1744      0.79139      0.09401      1.01206      0.78177
    1745      0.79027      0.09377      1.01180      0.78089
    1746      0.78916      0.09353      1.01153      0.78000
    1747      0.78804      0.09329      1.01125      0.77912
    1748      0.78693      0.09305      1.01098      0.77824
    1749      0.78582      0.09281      1.01070      0.77735
    1750      0.78470      0.09258      1.01042      0.77647
    1751      0.78359      0.09234      1.01015      0.77559
    1752      0.78248      0.09210      1.00986      0.77470
    1753      0.78137      0.09187      1.00958      0.77382
    1754      0.78026      0.09163      1.00930      0.77294
    1755      0.77915      0.09140      1.00901      0.77205
    1756      0.77805      0.09117      1.00873      0.77117
    1757      0.77694      0.09093      1.00844      0.77028
    1758      0.77584      0.09070      1.00815      0.76939
    1759      0.77473      0.09047      1.00786      0.76851
    1760      0.77363      0.09024      1.00757      0.76762
    1761      0.77253      0.09001      1.00728      0.76673
    1762      0.77143      0.08978      1.00699      0.76584
    1763      0.77034      0.08955      1.00670      0.76495
    1764      0.76924      0.08932      1.00641      0.76406
    1765      0.76815      0.08909      1.00612      0.76316
    1766      0.76706      0.08886      1.00582      0.76227
    1767      0.76597      0.08864      1.00553      0.76137
    1768      0.76488      0.08841      1.00524      0.76047
    1769      0.76379      0.08819      1.00495      0.75957
    1770      0.76271      0.08796      1.00465      0.75867
    1771      0.76163      0.08774      1.00436      0.75776
    1772      0.76055      0.08751      1.00407      0.75686
    1773      0.75947      0.08729      1.00378      0.75595
    1774      0.75840      0.08707      1.00349      0.75504
    1775      0.75732      0.08685      1.00320      0.75413
    1776      0.75625      0.08663      1.00291      0.75321
    1777      0.75518      0.08641      1.00262      0.75230
    1778      0.75412      0.08619      1.00233      0.75138
    1779      0.75305      0.08597      1.00204      0.75046
    1780      0.75199      0.08575      1.00175      0.74953
    1781      0.75094      0.08554      1.00146      0.74861
    1782      0.74988      0.08532      1.00118      0.74768
    1783      0.74883      0.08511      1.00089      0.74675
    1784      0.74778      0.08489      1.00061      0.74582
    1785      0.74673      0.08468      1.00033      0.74488
    1786      0.74568      0.08446      1.00004      0.74394
    1787      0.74464      0.08425      0.99976      0.74300
    1788      0.74360      0.08404      0.99948      0.74206
    1789      0.74256      0.08383      0.99920      0.74111
    1790      0.74153      0.08362      0.99893      0.74016
    1791      0.74050      0.08341      0.99865      0.73921
    1792      0.73947      0.08320      0.99837      0.73826
    1793      0.73844      0.08299      0.99810      0.73730
    1794      0.73742      0.08279      0.99783      0.73634
    1795      0.73640      0.08258      0.99756      0.73538
    1796      0.73538      0.08237      0.99729      0.73441
    1797      0.73436      0.08217      0.99702      0.73344
    1798      0.73335      0.08196      0.99675      0.73247
    1799      0.73234      0.08176      0.99649      0.73150
    1800      0.73133      0.08156      0.99622      0.73052
