  0  1   360  1800   10.00 gravity disturbance, height anomaly, gravity gradient, vertical deflection
    -100.000      0.00961      0.01785      0.00787     -0.01257
     -99.814      0.00986      0.01803      0.00821     -0.01200
     -99.629      0.01009      0.01820      0.00853     -0.01140
     -99.443      0.01031      0.01837      0.00883     -0.01078
     -99.258      0.01051      0.01852      0.00912     -0.01013
     -99.072      0.01070      0.01867      0.00938     -0.00947
     -98.887      0.01088      0.01880      0.00962     -0.00878
     -98.701      0.01104      0.01893      0.00984     -0.00808
     -98.516      0.01119      0.01904      0.01004     -0.00736
     -98.330      0.01132      0.01914      0.01022     -0.00662
     -98.145      0.01143      0.01924      0.01037     -0.00587
     -97.959      0.01153      0.01932      0.01050     -0.00511
     -97.774      0.01160      0.01939      0.01061     -0.00434
     -97.588      0.01167      0.01945      0.01069     -0.00356
     -97.403      0.01171      0.01949      0.01074     -0.00278
     -97.217      0.01174      0.01953      0.01077     -0.00198
     -97.032      0.01175      0.01955      0.01078     -0.00119
     -96.846      0.01174      0.01956      0.01076     -0.00040
     -96.660      0.01171      0.01956      0.01071      0.00040
     -96.475      0.01167      0.01955      0.01064      0.00119
     -96.289      0.01160      0.01953      0.01054      0.00197
     -96.104      0.01152      0.01949      0.01042      0.00275
     -95.918      0.01143      0.01945      0.01027      0.00352
     -95.733      0.01131      0.01939      0.01010      0.00428
     -95.547      0.01118      0.01932      0.00990      0.00503
     -95.362      0.01103      0.01924      0.00967      0.00577
     -95.176      0.01087      0.01915      0.00943      0.00648
     -94.991      0.01069      0.01905      0.00916      0.00719
     -94.805      0.01049      0.01894      0.00887      0.00787
     -94.620      0.01028      0.01882      0.00855      0.00853
     -94.434      0.01006      0.01869      0.00822      0.00916
     -94.249      0.00982      0.01855      0.00786      0.00978
     -94.063      0.00957      0.01840      0.00749      0.01036
     -93.878      0.00931      0.01824      0.00709      0.01092
     -93.692      0.00903      0.01807      0.00668      0.01146
     -93.506      0.00874      0.01790      0.00626      0.01196
     -93.321      0.00845      0.01772      0.00581      0.01243
     -93.135      0.00814      0.01753      0.00536      0.01287
     -92.950      0.00783      0.01734      0.00489      0.01327
     -92.764      0.00750      0.01714      0.00441      0.01364
     -92.579      0.00717      0.01693      0.00392      0.01398
     -92.393      0.00684      0.01672      0.00342      0.01428
     -92.208      0.00650      0.01651      0.00291      0.01454
     -92.022      0.00615      0.01629      0.00239      0.01476
     -91.837      0.00580      0.01607      0.00187      0.01495
     -91.651      0.00545      0.01585      0.00135      0.01510
     -91.466      0.00510      0.01563      0.00082      0.01521
     -91.280      0.00475      0.01540      0.00030      0.01528
     -91.095      0.00440      0.01517     -0.00023      0.01532
     -90.909      0.00405      0.01495     -0.00075      0.01531
     -90.724      0.00370      0.01472     -0.00127      0.01527
     -90.538      0.00336      0.01450     -0.00179      0.01519
     -90.353      0.00302      0.01427     -0.00230      0.01507
     -90.167      0.00269      0.01405     -0.00280      0.01491
     -89.981      0.00236      0.01383     -0.00329      0.01471
     -89.796      0.00204      0.01361     -0.00377      0.01448
     -89.610      0.00173      0.01340     -0.00424      0.01422
     -89.425      0.00143      0.01319     -0.00469      0.01392
     -89.239      0.00114      0.01299     -0.00513      0.01358
     -89.054      0.00086      0.01279     -0.00555      0.01321
     -88.868      0.00060      0.01260     -0.00596      0.01282
     -88.683      0.00034      0.01241     -0.00634      0.01239
     -88.497      0.00010      0.01223     -0.00671      0.01193
     -88.312     -0.00012      0.01206     -0.00706      0.01145
     -88.126     -0.00034      0.01189     -0.00738      0.01094
     -87.941     -0.00053      0.01174     -0.00768      0.01040
     -87.755     -0.00071      0.01159     -0.00795      0.00985
     -87.570     -0.00087      0.01144     -0.00820      0.00927
     -87.384     -0.00102      0.01131     -0.00843      0.00867
     -87.199     -0.00114      0.01119     -0.00862      0.00806
     -87.013     -0.00125      0.01107     -0.00879      0.00743
     -86.827     -0.00134      0.01097     -0.00893      0.00679
     -86.642     -0.00141      0.01087     -0.00905      0.00614
     -86.456     -0.00146      0.01079     -0.00913      0.00548
     -86.271     -0.00149      0.01071     -0.00918      0.00482
     -86.085     -0.00150      0.01064     -0.00920      0.00415
     -85.900     -0.00149      0.01059     -0.00920      0.00348
     -85.714     -0.00146      0.01054     -0.00916      0.00280
     -85.529     -0.00141      0.01050     -0.00909      0.00213
     -85.343     -0.00134      0.01048     -0.00899      0.00147
     -85.158     -0.00125      0.01046     -0.00886      0.00081
     -84.972     -0.00114      0.01045     -0.00870      0.00016
     -84.787     -0.00101      0.01045     -0.00851     -0.00047
     -84.601     -0.00086      0.01047     -0.00829     -0.00110
     -84.416     -0.00069      0.01049     -0.00804     -0.00170
     -84.230     -0.00050      0.01052     -0.00776     -0.00229
     -84.045     -0.00030      0.01055     -0.00745     -0.00286
     -83.859     -0.00007      0.01060     -0.00712     -0.00340
     -83.673      0.00017      0.01066     -0.00675     -0.00392
     -83.488      0.00043      0.01072     -0.00637     -0.00442
     -83.302      0.00070      0.01079     -0.00595     -0.00489
     -83.117      0.00099      0.01086     -0.00551     -0.00532
     -82.931      0.00129      0.01094     -0.00505     -0.00572
     -82.746      0.00161      0.01103     -0.00457     -0.00609
     -82.560      0.00194      0.01112     -0.00406     -0.00643
     -82.375      0.00228      0.01122     -0.00354     -0.00672
     -82.189      0.00263      0.01132     -0.00300     -0.00698
     -82.004      0.00300      0.01143     -0.00244     -0.00720
     -81.818      0.00337      0.01154     -0.00186     -0.00737
     -81.633      0.00375      0.01165     -0.00127     -0.00750
     -81.447      0.00414      0.01176     -0.00067     -0.00759
     -81.262      0.00453      0.01187     -0.00005     -0.00764
     -81.076      0.00493      0.01198      0.00057     -0.00763
     -80.891      0.00533      0.01210      0.00120     -0.00759
     -80.705      0.00574      0.01221      0.00184     -0.00749
     -80.519      0.00614      0.01232      0.00248     -0.00735
     -80.334      0.00655      0.01243      0.00313     -0.00716
     -80.148      0.00695      0.01253      0.00377     -0.00692
     -79.963      0.00735      0.01263      0.00442     -0.00663
     -79.777      0.00775      0.01273      0.00506     -0.00630
     -79.592      0.00815      0.01282      0.00570     -0.00591
     -79.406      0.00853      0.01290      0.00633     -0.00548
     -79.221      0.00892      0.01298      0.00695     -0.00501
     -79.035      0.00929      0.01305      0.00756     -0.00448
     -78.850      0.00965      0.01311      0.00816     -0.00391
     -78.664      0.01000      0.01316      0.00875     -0.00329
     -78.479      0.01034      0.01321      0.00933     -0.00263
     -78.293      0.01067      0.01324      0.00988     -0.00193
     -78.108      0.01099      0.01326      0.01042     -0.00118
     -77.922      0.01128      0.01328      0.01094     -0.00039
     -77.737      0.01156      0.01328      0.01144      0.00044
     -77.551      0.01183      0.01326      0.01191      0.00130
     -77.365      0.01208      0.01324      0.01236      0.00220
     -77.180      0.01230      0.01320      0.01278      0.00314
     -76.994      0.01251      0.01314      0.01318      0.00411
     -76.809      0.01269      0.01308      0.01354      0.00510
     -76.623      0.01286      0.01299      0.01388      0.00613
     -76.438      0.01300      0.01289      0.01418      0.00719
     -76.252      0.01312      0.01278      0.01446      0.00826
     -76.067      0.01321      0.01265      0.01470      0.00936
     -75.881      0.01328      0.01250      0.01490      0.01048
     -75.696      0.01333      0.01234      0.01507      0.01162
     -75.510      0.01335      0.01216      0.01521      0.01276
     -75.325      0.01334      0.01196      0.01531      0.01393
     -75.139      0.01331      0.01175      0.01537      0.01509
     -74.954      0.01325      0.01151      0.01539      0.01627
     -74.768      0.01317      0.01126      0.01538      0.01745
     -74.583      0.01306      0.01100      0.01532      0.01863
     -74.397      0.01292      0.01071      0.01523      0.01981
     -74.212      0.01275      0.01041      0.01510      0.02098
     -74.026      0.01256      0.01009      0.01494      0.02214
     -73.840      0.01234      0.00976      0.01473      0.02330
     -73.655      0.01210      0.00940      0.01449      0.02444
     -73.469      0.01183      0.00903      0.01421      0.02556
     -73.284      0.01153      0.00864      0.01389      0.02667
     -73.098      0.01121      0.00824      0.01354      0.02775
     -72.913      0.01087      0.00782      0.01314      0.02881
     -72.727      0.01050      0.00739      0.01272      0.02984
     -72.542      0.01011      0.00694      0.01226      0.03084
     -72.356      0.00969      0.00648      0.01177      0.03181
     -72.171      0.00925      0.00600      0.01124      0.03274
     -71.985      0.00880      0.00551      0.01068      0.03364
     -71.800      0.00832      0.00500      0.01010      0.03449
     -71.614      0.00782      0.00449      0.00948      0.03531
     -71.429      0.00731      0.00396      0.00884      0.03608
     -71.243      0.00677      0.00342      0.00817      0.03680
     -71.058      0.00622      0.00287      0.00748      0.03747
     -70.872      0.00566      0.00231      0.00677      0.03810
     -70.686      0.00509      0.00174      0.00603      0.03867
     -70.501      0.00450      0.00116      0.00528      0.03919
     -70.315      0.00390      0.00058      0.00451      0.03966
     -70.130      0.00329     -0.00001      0.00372      0.04007
     -69.944      0.00267     -0.00061      0.00293      0.04042
     -69.759      0.00205     -0.00121      0.00212      0.04072
     -69.573      0.00142     -0.00181      0.00130      0.04095
     -69.388      0.00079     -0.00242      0.00048      0.04113
     -69.202      0.00015     -0.00303     -0.00035      0.04124
     -69.017     -0.00048     -0.00364     -0.00118      0.04130
     -68.831     -0.00112     -0.00425     -0.00201      0.04129
     -68.646     -0.00175     -0.00486     -0.00284      0.04122
     -68.460     -0.00238     -0.00547     -0.00367      0.04109
     -68.275     -0.00301     -0.00608     -0.00448      0.04090
     -68.089     -0.00362     -0.00668     -0.00529      0.04065
     -67.904     -0.00423     -0.00728     -0.00609      0.04034
     -67.718     -0.00483     -0.00788     -0.00687      0.03997
     -67.532     -0.00542     -0.00847     -0.00764      0.03954
     -67.347     -0.00599     -0.00905     -0.00839      0.03906
     -67.161     -0.00655     -0.00962     -0.00912      0.03852
     -66.976     -0.00710     -0.01019     -0.00983      0.03792
     -66.790     -0.00762     -0.01075     -0.01051      0.03728
     -66.605     -0.00813     -0.01129     -0.01117      0.03658
     -66.419     -0.00862     -0.01183     -0.01180      0.03583
     -66.234     -0.00909     -0.01235     -0.01240      0.03503
     -66.048     -0.00954     -0.01287     -0.01297      0.03419
     -65.863     -0.00996     -0.01337     -0.01350      0.03331
     -65.677     -0.01036     -0.01385     -0.01400      0.03238
     -65.492     -0.01073     -0.01433     -0.01446      0.03142
     -65.306     -0.01108     -0.01478     -0.01488      0.03043
     -65.121     -0.01140     -0.01523     -0.01527      0.02940
     -64.935     -0.01169     -0.01565     -0.01561      0.02834
     -64.750     -0.01195     -0.01607     -0.01590      0.02725
     -64.564     -0.01218     -0.01646     -0.01616      0.02614
     -64.378     -0.01239     -0.01684     -0.01637      0.02502
     -64.193     -0.01256     -0.01720     -0.01653      0.02387
     -64.007     -0.01270     -0.01755     -0.01665      0.02271
     -63.822     -0.01281     -0.01787     -0.01672      0.02154
     -63.636     -0.01288     -0.01818     -0.01674      0.02037
     -63.451     -0.01293     -0.01848     -0.01672      0.01919
     -63.265     -0.01294     -0.01875     -0.01664      0.01801
     -63.080     -0.01292     -0.01901     -0.01652      0.01683
     -62.894     -0.01287     -0.01925     -0.01635      0.01567
     -62.709     -0.01279     -0.01947     -0.01613      0.01451
     -62.523     -0.01268     -0.01968     -0.01586      0.01337
     -62.338     -0.01253     -0.01987     -0.01554      0.01225
     -62.152     -0.01235     -0.02004     -0.01518      0.01115
     -61.967     -0.01215     -0.02020     -0.01477      0.01007
     -61.781     -0.01191     -0.02034     -0.01431      0.00902
     -61.596     -0.01164     -0.02047     -0.01381      0.00801
     -61.410     -0.01135     -0.02058     -0.01327      0.00703
     -61.224     -0.01103     -0.02068     -0.01268      0.00609
     -61.039     -0.01068     -0.02076     -0.01205      0.00519
     -60.853     -0.01031     -0.02083     -0.01138      0.00434
     -60.668     -0.00991     -0.02089     -0.01067      0.00354
     -60.482     -0.00949     -0.02094     -0.00992      0.00279
     -60.297     -0.00905     -0.02097     -0.00914      0.00209
     -60.111     -0.00859     -0.02100     -0.00832      0.00145
     -59.926     -0.00811     -0.02102     -0.00748      0.00087
     -59.740     -0.00762     -0.02102     -0.00660      0.00035
     -59.555     -0.00710     -0.02103     -0.00570     -0.00010
     -59.369     -0.00658     -0.02102     -0.00477     -0.00049
     -59.184     -0.00604     -0.02101     -0.00383     -0.00081
     -58.998     -0.00549     -0.02100     -0.00286     -0.00106
     -58.813     -0.00493     -0.02098     -0.00187     -0.00124
     -58.627     -0.00436     -0.02096     -0.00087     -0.00134
     -58.442     -0.00379     -0.02094      0.00014     -0.00138
     -58.256     -0.00322     -0.02092      0.00117     -0.00133
     -58.071     -0.00264     -0.02090      0.00220     -0.00121
     -57.885     -0.00207     -0.02089      0.00323     -0.00101
     -57.699     -0.00150     -0.02087      0.00426     -0.00074
     -57.514     -0.00093     -0.02086      0.00529     -0.00039
     -57.328     -0.00037     -0.02086      0.00632      0.00004
     -57.143      0.00018     -0.02087      0.00733      0.00055
     -56.957      0.00072     -0.02088      0.00834      0.00113
     -56.772      0.00125     -0.02090      0.00933      0.00179
     -56.586      0.00176     -0.02093      0.01031      0.00252
     -56.401      0.00226     -0.02097      0.01126      0.00333
     -56.215      0.00274     -0.02103      0.01220      0.00420
     -56.030      0.00320     -0.02110      0.01310      0.00516
     -55.844      0.00363     -0.02118      0.01398      0.00618
     -55.659      0.00404     -0.02128      0.01483      0.00726
     -55.473      0.00443     -0.02140      0.01564      0.00841
     -55.288      0.00478     -0.02153      0.01641      0.00963
     -55.102      0.00511     -0.02168      0.01715      0.01090
     -54.917      0.00541     -0.02186      0.01784      0.01224
     -54.731      0.00567     -0.02205      0.01849      0.01362
     -54.545      0.00590     -0.02226      0.01910      0.01506
     -54.360      0.00609     -0.02249      0.01965      0.01655
     -54.174      0.00625     -0.02275      0.02015      0.01808
     -53.989      0.00637     -0.02303      0.02060      0.01965
     -53.803      0.00644     -0.02333      0.02099      0.02126
     -53.618      0.00648     -0.02366      0.02133      0.02290
     -53.432      0.00648     -0.02401      0.02161      0.02457
     -53.247      0.00643     -0.02439      0.02183      0.02626
     -53.061      0.00634     -0.02479      0.02198      0.02798
     -52.876      0.00621     -0.02521      0.02208      0.02971
     -52.690      0.00603     -0.02567      0.02211      0.03145
     -52.505      0.00581     -0.02615      0.02208      0.03319
     -52.319      0.00554     -0.02665      0.02198      0.03494
     -52.134      0.00522     -0.02718      0.02181      0.03669
     -51.948      0.00486     -0.02774      0.02158      0.03843
     -51.763      0.00446     -0.02832      0.02128      0.04015
     -51.577      0.00401     -0.02893      0.02092      0.04186
     -51.391      0.00351     -0.02956      0.02049      0.04354
     -51.206      0.00297     -0.03021      0.01999      0.04520
     -51.020      0.00239     -0.03090      0.01943      0.04683
     -50.835      0.00176     -0.03160      0.01880      0.04841
     -50.649      0.00109     -0.03233      0.01811      0.04996
     -50.464      0.00038     -0.03308      0.01736      0.05145
     -50.278     -0.00038     -0.03385      0.01654      0.05290
     -50.093     -0.00117     -0.03465      0.01567      0.05429
     -49.907     -0.00200     -0.03546      0.01473      0.05562
     -49.722     -0.00287     -0.03629      0.01374      0.05688
     -49.536     -0.00378     -0.03714      0.01270      0.05807
     -49.351     -0.00472     -0.03801      0.01160      0.05919
     -49.165     -0.00569     -0.03890      0.01045      0.06023
     -48.980     -0.00669     -0.03980      0.00925      0.06119
     -48.794     -0.00772     -0.04071      0.00801      0.06206
     -48.609     -0.00878     -0.04163      0.00672      0.06284
     -48.423     -0.00986     -0.04257      0.00539      0.06353
     -48.237     -0.01097     -0.04351      0.00403      0.06413
     -48.052     -0.01209     -0.04447      0.00263      0.06462
     -47.866     -0.01324     -0.04543      0.00120      0.06501
     -47.681     -0.01440     -0.04639     -0.00025      0.06530
     -47.495     -0.01557     -0.04736     -0.00173      0.06548
     -47.310     -0.01675     -0.04833     -0.00323      0.06556
     -47.124     -0.01794     -0.04930     -0.00474      0.06552
     -46.939     -0.01914     -0.05027     -0.00627      0.06537
     -46.753     -0.02033     -0.05124     -0.00781      0.06511
     -46.568     -0.02153     -0.05220     -0.00935      0.06473
     -46.382     -0.02272     -0.05315     -0.01089      0.06424
     -46.197     -0.02391     -0.05410     -0.01243      0.06364
     -46.011     -0.02509     -0.05504     -0.01396      0.06292
     -45.826     -0.02626     -0.05596     -0.01548      0.06208
     -45.640     -0.02742     -0.05688     -0.01698      0.06113
     -45.455     -0.02855     -0.05777     -0.01847      0.06007
     -45.269     -0.02967     -0.05865     -0.01993      0.05889
     -45.083     -0.03076     -0.05952     -0.02136      0.05761
     -44.898     -0.03183     -0.06036     -0.02276      0.05621
     -44.712     -0.03287     -0.06118     -0.02412      0.05471
     -44.527     -0.03388     -0.06198     -0.02545      0.05310
     -44.341     -0.03486     -0.06275     -0.02672      0.05139
     -44.156     -0.03580     -0.06350     -0.02795      0.04958
     -43.970     -0.03671     -0.06422     -0.02913      0.04767
     -43.785     -0.03757     -0.06491     -0.03026      0.04568
     -43.599     -0.03839     -0.06557     -0.03132      0.04359
     -43.414     -0.03916     -0.06620     -0.03232      0.04142
     -43.228     -0.03989     -0.06680     -0.03326      0.03917
     -43.043     -0.04056     -0.06736     -0.03412      0.03684
     -42.857     -0.04119     -0.06789     -0.03491      0.03444
     -42.672     -0.04176     -0.06838     -0.03563      0.03198
     -42.486     -0.04228     -0.06884     -0.03627      0.02945
     -42.301     -0.04274     -0.06925     -0.03683      0.02688
     -42.115     -0.04314     -0.06963     -0.03730      0.02425
     -41.929     -0.04349     -0.06997     -0.03769      0.02158
     -41.744     -0.04377     -0.07027     -0.03800      0.01887
     -41.558     -0.04400     -0.07053     -0.03821      0.01613
     -41.373     -0.04416     -0.07075     -0.03833      0.01337
     -41.187     -0.04426     -0.07093     -0.03836      0.01059
     -41.002     -0.04429     -0.07106     -0.03830      0.00779
     -40.816     -0.04426     -0.07116     -0.03814      0.00500
     -40.631     -0.04417     -0.07121     -0.03789      0.00220
     -40.445     -0.04402     -0.07122     -0.03754     -0.00058
     -40.260     -0.04380     -0.07119     -0.03710     -0.00335
     -40.074     -0.04352     -0.07112     -0.03656     -0.00610
     -39.889     -0.04318     -0.07101     -0.03593     -0.00881
     -39.703     -0.04277     -0.07086     -0.03520     -0.01149
     -39.518     -0.04231     -0.07067     -0.03438     -0.01412
     -39.332     -0.04178     -0.07044     -0.03347     -0.01670
     -39.147     -0.04120     -0.07018     -0.03247     -0.01922
     -38.961     -0.04056     -0.06987     -0.03137     -0.02168
     -38.776     -0.03987     -0.06954     -0.03020     -0.02406
     -38.590     -0.03912     -0.06916     -0.02893     -0.02637
     -38.404     -0.03832     -0.06876     -0.02758     -0.02859
     -38.219     -0.03748     -0.06832     -0.02616     -0.03072
     -38.033     -0.03658     -0.06785     -0.02466     -0.03276
     -37.848     -0.03565     -0.06735     -0.02308     -0.03469
     -37.662     -0.03467     -0.06682     -0.02144     -0.03651
     -37.477     -0.03365     -0.06627     -0.01972     -0.03821
     -37.291     -0.03260     -0.06569     -0.01795     -0.03980
     -37.106     -0.03151     -0.06509     -0.01612     -0.04126
     -36.920     -0.03040     -0.06447     -0.01424     -0.04259
     -36.735     -0.02926     -0.06383     -0.01230     -0.04379
     -36.549     -0.02810     -0.06317     -0.01033     -0.04485
     -36.364     -0.02692     -0.06250     -0.00831     -0.04577
     -36.178     -0.02572     -0.06182     -0.00627     -0.04655
     -35.993     -0.02452     -0.06112     -0.00419     -0.04717
     -35.807     -0.02331     -0.06042     -0.00209     -0.04765
     -35.622     -0.02209     -0.05971      0.00002     -0.04798
     -35.436     -0.02088     -0.05900      0.00214     -0.04815
     -35.250     -0.01967     -0.05829      0.00427     -0.04816
     -35.065     -0.01848     -0.05757      0.00639     -0.04802
     -34.879     -0.01729     -0.05687      0.00851     -0.04773
     -34.694     -0.01613     -0.05616      0.01061     -0.04727
     -34.508     -0.01499     -0.05547      0.01269     -0.04666
     -34.323     -0.01388     -0.05478      0.01475     -0.04590
     -34.137     -0.01280     -0.05411      0.01676     -0.04498
     -33.952     -0.01176     -0.05345      0.01874     -0.04391
     -33.766     -0.01075     -0.05281      0.02067     -0.04269
     -33.581     -0.00980     -0.05219      0.02254     -0.04133
     -33.395     -0.00889     -0.05158      0.02435     -0.03982
     -33.210     -0.00804     -0.05101      0.02610     -0.03817
     -33.024     -0.00724     -0.05045      0.02777     -0.03639
     -32.839     -0.00651     -0.04993      0.02936     -0.03448
     -32.653     -0.00584     -0.04943      0.03086     -0.03244
     -32.468     -0.00525     -0.04897      0.03227     -0.03028
     -32.282     -0.00473     -0.04854      0.03357     -0.02802
     -32.096     -0.00428     -0.04814      0.03478     -0.02565
     -31.911     -0.00392     -0.04778      0.03587     -0.02318
     -31.725     -0.00364     -0.04745      0.03684     -0.02062
     -31.540     -0.00346     -0.04717      0.03769     -0.01797
     -31.354     -0.00336     -0.04692      0.03841     -0.01526
     -31.169     -0.00336     -0.04672      0.03899     -0.01248
     -30.983     -0.00345     -0.04655      0.03944     -0.00965
     -30.798     -0.00364     -0.04643      0.03974     -0.00677
     -30.612     -0.00394     -0.04635      0.03990     -0.00386
     -30.427     -0.00434     -0.04632      0.03990     -0.00092
     -30.241     -0.00484     -0.04633      0.03974      0.00203
     -30.056     -0.00545     -0.04638      0.03943      0.00497
     -29.870     -0.00617     -0.04647      0.03895      0.00791
     -29.685     -0.00700     -0.04661      0.03831      0.01083
     -29.499     -0.00794     -0.04679      0.03750      0.01371
     -29.314     -0.00899     -0.04702      0.03652      0.01654
     -29.128     -0.01015     -0.04728      0.03537      0.01931
     -28.942     -0.01142     -0.04759      0.03404      0.02201
     -28.757     -0.01280     -0.04793      0.03254      0.02462
     -28.571     -0.01430     -0.04832      0.03086      0.02713
     -28.386     -0.01590     -0.04874      0.02901      0.02953
     -28.200     -0.01761     -0.04919      0.02698      0.03180
     -28.015     -0.01942     -0.04968      0.02477      0.03393
     -27.829     -0.02134     -0.05020      0.02240      0.03591
     -27.644     -0.02336     -0.05074      0.01985      0.03772
     -27.458     -0.02548     -0.05131      0.01713      0.03934
     -27.273     -0.02770     -0.05191      0.01424      0.04078
     -27.087     -0.03000     -0.05252      0.01118      0.04200
     -26.902     -0.03240     -0.05315      0.00797      0.04300
     -26.716     -0.03488     -0.05379      0.00459      0.04377
     -26.531     -0.03745     -0.05444      0.00106      0.04428
     -26.345     -0.04009     -0.05510     -0.00262      0.04454
     -26.160     -0.04280     -0.05576     -0.00644      0.04452
     -25.974     -0.04558     -0.05642     -0.01040      0.04421
     -25.788     -0.04841     -0.05707     -0.01450      0.04361
     -25.603     -0.05131     -0.05771     -0.01872      0.04269
     -25.417     -0.05425     -0.05833     -0.02306      0.04146
     -25.232     -0.05723     -0.05893     -0.02752      0.03989
     -25.046     -0.06025     -0.05951     -0.03208      0.03797
     -24.861     -0.06330     -0.06006     -0.03673      0.03570
     -24.675     -0.06637     -0.06057     -0.04148      0.03307
     -24.490     -0.06946     -0.06103     -0.04630      0.03007
     -24.304     -0.07255     -0.06145     -0.05120      0.02668
     -24.119     -0.07563     -0.06182     -0.05615      0.02290
     -23.933     -0.07871     -0.06213     -0.06116      0.01873
     -23.748     -0.08177     -0.06238     -0.06620      0.01415
     -23.562     -0.08480     -0.06255     -0.07128      0.00916
     -23.377     -0.08780     -0.06264     -0.07638      0.00376
     -23.191     -0.09075     -0.06266     -0.08148     -0.00207
     -23.006     -0.09364     -0.06258     -0.08658     -0.00832
     -22.820     -0.09647     -0.06241     -0.09166     -0.01501
     -22.635     -0.09923     -0.06213     -0.09672     -0.02212
     -22.449     -0.10190     -0.06175     -0.10174     -0.02967
     -22.263     -0.10448     -0.06125     -0.10670     -0.03765
     -22.078     -0.10696     -0.06063     -0.11160     -0.04607
     -21.892     -0.10933     -0.05989     -0.11643     -0.05492
     -21.707     -0.11157     -0.05901     -0.12116     -0.06421
     -21.521     -0.11368     -0.05798     -0.12579     -0.07393
     -21.336     -0.11565     -0.05681     -0.13031     -0.08408
     -21.150     -0.11746     -0.05549     -0.13469     -0.09465
     -20.965     -0.11912     -0.05401     -0.13894     -0.10565
     -20.779     -0.12060     -0.05236     -0.14303     -0.11706
     -20.594     -0.12190     -0.05054     -0.14695     -0.12888
     -20.408     -0.12301     -0.04854     -0.15069     -0.14110
     -20.223     -0.12391     -0.04636     -0.15423     -0.15372
     -20.037     -0.12461     -0.04399     -0.15757     -0.16672
     -19.852     -0.12508     -0.04142     -0.16069     -0.18010
     -19.666     -0.12533     -0.03865     -0.16358     -0.19384
     -19.481     -0.12534     -0.03568     -0.16622     -0.20793
     -19.295     -0.12510     -0.03249     -0.16861     -0.22236
     -19.109     -0.12460     -0.02909     -0.17073     -0.23713
     -18.924     -0.12384     -0.02547     -0.17256     -0.25220
     -18.738     -0.12281     -0.02162     -0.17411     -0.26758
     -18.553     -0.12149     -0.01754     -0.17535     -0.28323
     -18.367     -0.11989     -0.01323     -0.17627     -0.29916
     -18.182     -0.11800     -0.00868     -0.17688     -0.31533
     -17.996     -0.11580     -0.00389     -0.17715     -0.33173
     -17.811     -0.11329      0.00114     -0.17707     -0.34835
     -17.625     -0.11047      0.00642     -0.17664     -0.36516
     -17.440     -0.10733      0.01196     -0.17584     -0.38214
     -17.254     -0.10386      0.01774     -0.17468     -0.39928
     -17.069     -0.10006      0.02378     -0.17314     -0.41654
     -16.883     -0.09592      0.03008     -0.17121     -0.43392
     -16.698     -0.09145      0.03663     -0.16888     -0.45138
     -16.512     -0.08663      0.04344     -0.16616     -0.46891
     -16.327     -0.08147      0.05052     -0.16303     -0.48648
     -16.141     -0.07595      0.05785     -0.15949     -0.50406
     -15.955     -0.07009      0.06544     -0.15554     -0.52163
     -15.770     -0.06387      0.07330     -0.15116     -0.53917
     -15.584     -0.05730      0.08141     -0.14637     -0.55666
     -15.399     -0.05037      0.08978     -0.14114     -0.57406
     -15.213     -0.04309      0.09841     -0.13549     -0.59134
     -15.028     -0.03545      0.10729     -0.12941     -0.60850
     -14.842     -0.02746      0.11643     -0.12290     -0.62549
     -14.657     -0.01911      0.12582     -0.11597     -0.64230
     -14.471     -0.01041      0.13545     -0.10860     -0.65889
     -14.286     -0.00137      0.14533     -0.10080     -0.67524
     -14.100      0.00802      0.15545     -0.09258     -0.69132
     -13.915      0.01775      0.16580     -0.08393     -0.70711
     -13.729      0.02781      0.17638     -0.07487     -0.72257
     -13.544      0.03821      0.18720     -0.06539     -0.73769
     -13.358      0.04894      0.19823     -0.05549     -0.75244
     -13.173      0.05999      0.20948     -0.04519     -0.76679
     -12.987      0.07135      0.22093     -0.03450     -0.78071
     -12.801      0.08302      0.23259     -0.02341     -0.79419
     -12.616      0.09498      0.24445     -0.01193     -0.80718
     -12.430      0.10724      0.25650     -0.00008     -0.81968
     -12.245      0.11979      0.26872      0.01213     -0.83166
     -12.059      0.13260      0.28112      0.02471     -0.84308
     -11.874      0.14568      0.29369      0.03763     -0.85394
     -11.688      0.15902      0.30641      0.05089     -0.86420
     -11.503      0.17259      0.31927      0.06447     -0.87384
     -11.317      0.18640      0.33228      0.07836     -0.88285
     -11.132      0.20043      0.34542      0.09256     -0.89120
     -10.946      0.21467      0.35867      0.10704     -0.89887
     -10.761      0.22910      0.37203      0.12179     -0.90584
     -10.575      0.24372      0.38549      0.13679     -0.91209
     -10.390      0.25850      0.39904      0.15204     -0.91761
     -10.204      0.27344      0.41266      0.16752     -0.92238
     -10.019      0.28852      0.42635      0.18320     -0.92639
      -9.833      0.30373      0.44009      0.19908     -0.92961
      -9.647      0.31905      0.45388      0.21513     -0.93203
      -9.462      0.33447      0.46769      0.23134     -0.93365
      -9.276      0.34996      0.48152      0.24769     -0.93444
      -9.091      0.36553      0.49536      0.26417     -0.93441
      -8.905      0.38114      0.50919      0.28074     -0.93353
      -8.720      0.39678      0.52300      0.29740     -0.93180
      -8.534      0.41244      0.53678      0.31413     -0.92921
      -8.349      0.42810      0.55051      0.33090     -0.92576
      -8.163      0.44375      0.56419      0.34769     -0.92144
      -7.978      0.45935      0.57780      0.36449     -0.91624
      -7.792      0.47491      0.59132      0.38128     -0.91017
      -7.607      0.49040      0.60475      0.39803     -0.90322
      -7.421      0.50581      0.61806      0.41472     -0.89539
      -7.236      0.52111      0.63126      0.43134     -0.88668
      -7.050      0.53629      0.64432      0.44786     -0.87710
      -6.865      0.55134      0.65723      0.46426     -0.86664
      -6.679      0.56623      0.66998      0.48053     -0.85532
      -6.494      0.58095      0.68255      0.49663     -0.84313
      -6.308      0.59549      0.69494      0.51256     -0.83008
      -6.122      0.60981      0.70713      0.52829     -0.81619
      -5.937      0.62392      0.71911      0.54379     -0.80145
      -5.751      0.63778      0.73086      0.55906     -0.78589
      -5.566      0.65140      0.74238      0.57407     -0.76952
      -5.380      0.66474      0.75364      0.58880     -0.75234
      -5.195      0.67779      0.76465      0.60323     -0.73437
      -5.009      0.69054      0.77539      0.61734     -0.71562
      -4.824      0.70297      0.78584      0.63112     -0.69612
      -4.638      0.71507      0.79600      0.64455     -0.67588
      -4.453      0.72683      0.80585      0.65760     -0.65491
      -4.267      0.73822      0.81539      0.67026     -0.63325
      -4.082      0.74923      0.82460      0.68252     -0.61090
      -3.896      0.75986      0.83348      0.69435     -0.58790
      -3.711      0.77008      0.84201      0.70575     -0.56426
      -3.525      0.77989      0.85019      0.71669     -0.54000
      -3.340      0.78927      0.85800      0.72717     -0.51516
      -3.154      0.79822      0.86544      0.73716     -0.48975
      -2.968      0.80671      0.87250      0.74666     -0.46381
      -2.783      0.81474      0.87917      0.75565     -0.43736
      -2.597      0.82231      0.88545      0.76411     -0.41043
      -2.412      0.82939      0.89132      0.77205     -0.38305
      -2.226      0.83599      0.89679      0.77944     -0.35524
      -2.041      0.84208      0.90184      0.78628     -0.32704
      -1.855      0.84768      0.90647      0.79255     -0.29848
      -1.670      0.85276      0.91068      0.79826     -0.26959
      -1.484      0.85733      0.91446      0.80338     -0.24040
      -1.299      0.86137      0.91780      0.80792     -0.21094
      -1.113      0.86488      0.92070      0.81187     -0.18124
      -0.928      0.86786      0.92316      0.81521     -0.15134
      -0.742      0.87031      0.92518      0.81796     -0.12128
      -0.557      0.87221      0.92675      0.82010     -0.09108
      -0.371      0.87357      0.92788      0.82163     -0.06078
      -0.186      0.87439      0.92855      0.82255     -0.03040
       0.000      0.87466      0.92878      0.82285      0.00000
       0.186      0.87439      0.92855      0.82255     -0.03040
       0.371      0.87357      0.92788      0.82163     -0.06078
       0.557      0.87221      0.92675      0.82010     -0.09108
       0.742      0.87031      0.92518      0.81796     -0.12128
       0.928      0.86786      0.92316      0.81521     -0.15134
       1.113      0.86488      0.92070      0.81187     -0.18124
       1.299      0.86137      0.91780      0.80792     -0.21094
       1.484      0.85733      0.91446      0.80338     -0.24040
       1.670      0.85276      0.91068      0.79826     -0.26959
       1.855      0.84768      0.90647      0.79255     -0.29848
       2.041      0.84208      0.90184      0.78628     -0.32704
       2.226      0.83599      0.89679      0.77944     -0.35524
       2.412      0.82939      0.89132      0.77205     -0.38305
       2.597      0.82231      0.88545      0.76411     -0.41043
       2.783      0.81474      0.87917      0.75565     -0.43736
       2.968      0.80671      0.87250      0.74666     -0.46381
       3.154      0.79822      0.86544      0.73716     -0.48975
       3.340      0.78927      0.85800      0.72717     -0.51516
       3.525      0.77989      0.85019      0.71669     -0.54000
       3.711      0.77008      0.84201      0.70575     -0.56426
       3.896      0.75986      0.83348      0.69435     -0.58790
       4.082      0.74923      0.82460      0.68252     -0.61090
       4.267      0.73822      0.81539      0.67026     -0.63325
       4.453      0.72683      0.80585      0.65760     -0.65491
       4.638      0.71507      0.79600      0.64455     -0.67588
       4.824      0.70297      0.78584      0.63112     -0.69612
       5.009      0.69054      0.77539      0.61734     -0.71562
       5.195      0.67779      0.76465      0.60323     -0.73437
       5.380      0.66474      0.75364      0.58880     -0.75234
       5.566      0.65140      0.74238      0.57407     -0.76952
       5.751      0.63778      0.73086      0.55906     -0.78589
       5.937      0.62392      0.71911      0.54379     -0.80145
       6.122      0.60981      0.70713      0.52829     -0.81619
       6.308      0.59549      0.69494      0.51256     -0.83008
       6.494      0.58095      0.68255      0.49663     -0.84313
       6.679      0.56623      0.66998      0.48053     -0.85532
       6.865      0.55134      0.65723      0.46426     -0.86664
       7.050      0.53629      0.64432      0.44786     -0.87710
       7.236      0.52111      0.63126      0.43134     -0.88668
       7.421      0.50581      0.61806      0.41472     -0.89539
       7.607      0.49040      0.60475      0.39803     -0.90322
       7.792      0.47491      0.59132      0.38128     -0.91017
       7.978      0.45935      0.57780      0.36449     -0.91624
       8.163      0.44375      0.56419      0.34769     -0.92144
       8.349      0.42810      0.55051      0.33090     -0.92576
       8.534      0.41244      0.53678      0.31413     -0.92921
       8.720      0.39678      0.52300      0.29740     -0.93180
       8.905      0.38114      0.50919      0.28074     -0.93353
       9.091      0.36553      0.49536      0.26417     -0.93441
       9.276      0.34996      0.48152      0.24769     -0.93444
       9.462      0.33447      0.46769      0.23134     -0.93365
       9.647      0.31905      0.45388      0.21513     -0.93203
       9.833      0.30373      0.44009      0.19908     -0.92961
      10.019      0.28852      0.42635      0.18320     -0.92639
      10.204      0.27344      0.41266      0.16752     -0.92238
      10.390      0.25850      0.39904      0.15204     -0.91761
      10.575      0.24372      0.38549      0.13679     -0.91209
      10.761      0.22910      0.37203      0.12179     -0.90584
      10.946      0.21467      0.35867      0.10704     -0.89887
      11.132      0.20043      0.34542      0.09256     -0.89120
      11.317      0.18640      0.33228      0.07836     -0.88285
      11.503      0.17259      0.31927      0.06447     -0.87384
      11.688      0.15902      0.30641      0.05089     -0.86420
      11.874      0.14568      0.29369      0.03763     -0.85394
      12.059      0.13260      0.28112      0.02471     -0.84308
      12.245      0.11979      0.26872      0.01213     -0.83166
      12.430      0.10724      0.25650     -0.00008     -0.81968
      12.616      0.09498      0.24445     -0.01193     -0.80718
      12.801      0.08302      0.23259     -0.02341     -0.79419
      12.987      0.07135      0.22093     -0.03450     -0.78071
      13.173      0.05999      0.20948     -0.04519     -0.76679
      13.358      0.04894      0.19823     -0.05549     -0.75244
      13.544      0.03821      0.18720     -0.06539     -0.73769
      13.729      0.02781      0.17638     -0.07487     -0.72257
      13.915      0.01775      0.16580     -0.08393     -0.70711
      14.100      0.00802      0.15545     -0.09258     -0.69132
      14.286     -0.00137      0.14533     -0.10080     -0.67524
      14.471     -0.01041      0.13545     -0.10860     -0.65889
      14.657     -0.01911      0.12582     -0.11597     -0.64230
      14.842     -0.02746      0.11643     -0.12290     -0.62549
      15.028     -0.03545      0.10729     -0.12941     -0.60850
      15.213     -0.04309      0.09841     -0.13549     -0.59134
      15.399     -0.05037      0.08978     -0.14114     -0.57406
      15.584     -0.05730      0.08141     -0.14637     -0.55666
      15.770     -0.06387      0.07330     -0.15116     -0.53917
      15.955     -0.07009      0.06544     -0.15554     -0.52163
      16.141     -0.07595      0.05785     -0.15949     -0.50406
      16.327     -0.08147      0.05052     -0.16303     -0.48648
      16.512     -0.08663      0.04344     -0.16616     -0.46891
      16.698     -0.09145      0.03663     -0.16888     -0.45138
      16.883     -0.09592      0.03008     -0.17121     -0.43392
      17.069     -0.10006      0.02378     -0.17314     -0.41654
      17.254     -0.10386      0.01774     -0.17468     -0.39928
      17.440     -0.10733      0.01196     -0.17584     -0.38214
      17.625     -0.11047      0.00642     -0.17664     -0.36516
      17.811     -0.11329      0.00114     -0.17707     -0.34835
      17.996     -0.11580     -0.00389     -0.17715     -0.33173
      18.182     -0.11800     -0.00868     -0.17688     -0.31533
      18.367     -0.11989     -0.01323     -0.17627     -0.29916
      18.553     -0.12149     -0.01754     -0.17535     -0.28323
      18.738     -0.12281     -0.02162     -0.17411     -0.26758
      18.924     -0.12384     -0.02547     -0.17256     -0.25220
      19.109     -0.12460     -0.02909     -0.17073     -0.23713
      19.295     -0.12510     -0.03249     -0.16861     -0.22236
      19.481     -0.12534     -0.03568     -0.16622     -0.20793
      19.666     -0.12533     -0.03865     -0.16358     -0.19384
      19.852     -0.12508     -0.04142     -0.16069     -0.18010
      20.037     -0.12461     -0.04399     -0.15757     -0.16672
      20.223     -0.12391     -0.04636     -0.15423     -0.15372
      20.408     -0.12301     -0.04854     -0.15069     -0.14110
      20.594     -0.12190     -0.05054     -0.14695     -0.12888
      20.779     -0.12060     -0.05236     -0.14303     -0.11706
      20.965     -0.11912     -0.05401     -0.13894     -0.10565
      21.150     -0.11746     -0.05549     -0.13469     -0.09465
      21.336     -0.11565     -0.05681     -0.13031     -0.08408
      21.521     -0.11368     -0.05798     -0.12579     -0.07393
      21.707     -0.11157     -0.05901     -0.12116     -0.06421
      21.892     -0.10933     -0.05989     -0.11643     -0.05492
      22.078     -0.10696     -0.06063     -0.11160     -0.04607
      22.263     -0.10448     -0.06125     -0.10670     -0.03765
      22.449     -0.10190     -0.06175     -0.10174     -0.02967
      22.635     -0.09923     -0.06213     -0.09672     -0.02212
      22.820     -0.09647     -0.06241     -0.09166     -0.01501
      23.006     -0.09364     -0.06258     -0.08658     -0.00832
      23.191     -0.09075     -0.06266     -0.08148     -0.00207
      23.377     -0.08780     -0.06264     -0.07638      0.00376
      23.562     -0.08480     -0.06255     -0.07128      0.00916
      23.748     -0.08177     -0.06238     -0.06620      0.01415
      23.933     -0.07871     -0.06213     -0.06116      0.01873
      24.119     -0.07563     -0.06182     -0.05615      0.02290
      24.304     -0.07255     -0.06145     -0.05120      0.02668
      24.490     -0.06946     -0.06103     -0.04630      0.03007
      24.675     -0.06637     -0.06057     -0.04148      0.03307
      24.861     -0.06330     -0.06006     -0.03673      0.03570
      25.046     -0.06025     -0.05951     -0.03208      0.03797
      25.232     -0.05723     -0.05893     -0.02752      0.03989
      25.417     -0.05425     -0.05833     -0.02306      0.04146
      25.603     -0.05131     -0.05771     -0.01872      0.04269
      25.788     -0.04841     -0.05707     -0.01450      0.04361
      25.974     -0.04558     -0.05642     -0.01040      0.04421
      26.160     -0.04280     -0.05576     -0.00644      0.04452
      26.345     -0.04009     -0.05510     -0.00262      0.04454
      26.531     -0.03745     -0.05444      0.00106      0.04428
      26.716     -0.03488     -0.05379      0.00459      0.04377
      26.902     -0.03240     -0.05315      0.00797      0.04300
      27.087     -0.03000     -0.05252      0.01118      0.04200
      27.273     -0.02770     -0.05191      0.01424      0.04078
      27.458     -0.02548     -0.05131      0.01713      0.03934
      27.644     -0.02336     -0.05074      0.01985      0.03772
      27.829     -0.02134     -0.05020      0.02240      0.03591
      28.015     -0.01942     -0.04968      0.02477      0.03393
      28.200     -0.01761     -0.04919      0.02698      0.03180
      28.386     -0.01590     -0.04874      0.02901      0.02953
      28.571     -0.01430     -0.04832      0.03086      0.02713
      28.757     -0.01280     -0.04793      0.03254      0.02462
      28.942     -0.01142     -0.04759      0.03404      0.02201
      29.128     -0.01015     -0.04728      0.03537      0.01931
      29.314     -0.00899     -0.04702      0.03652      0.01654
      29.499     -0.00794     -0.04679      0.03750      0.01371
      29.685     -0.00700     -0.04661      0.03831      0.01083
      29.870     -0.00617     -0.04647      0.03895      0.00791
      30.056     -0.00545     -0.04638      0.03943      0.00497
      30.241     -0.00484     -0.04633      0.03974      0.00203
      30.427     -0.00434     -0.04632      0.03990     -0.00092
      30.612     -0.00394     -0.04635      0.03990     -0.00386
      30.798     -0.00364     -0.04643      0.03974     -0.00677
      30.983     -0.00345     -0.04655      0.03944     -0.00965
      31.169     -0.00336     -0.04672      0.03899     -0.01248
      31.354     -0.00336     -0.04692      0.03841     -0.01526
      31.540     -0.00346     -0.04717      0.03769     -0.01797
      31.725     -0.00364     -0.04745      0.03684     -0.02062
      31.911     -0.00392     -0.04778      0.03587     -0.02318
      32.096     -0.00428     -0.04814      0.03478     -0.02565
      32.282     -0.00473     -0.04854      0.03357     -0.02802
      32.468     -0.00525     -0.04897      0.03227     -0.03028
      32.653     -0.00584     -0.04943      0.03086     -0.03244
      32.839     -0.00651     -0.04993      0.02936     -0.03448
      33.024     -0.00724     -0.05045      0.02777     -0.03639
      33.210     -0.00804     -0.05101      0.02610     -0.03817
      33.395     -0.00889     -0.05158      0.02435     -0.03982
      33.581     -0.00980     -0.05219      0.02254     -0.04133
      33.766     -0.01075     -0.05281      0.02067     -0.04269
      33.952     -0.01176     -0.05345      0.01874     -0.04391
      34.137     -0.01280     -0.05411      0.01676     -0.04498
      34.323     -0.01388     -0.05478      0.01475     -0.04590
      34.508     -0.01499     -0.05547      0.01269     -0.04666
      34.694     -0.01613     -0.05616      0.01061     -0.04727
      34.879     -0.01729     -0.05687      0.00851     -0.04773
      35.065     -0.01848     -0.05757      0.00639     -0.04802
      35.250     -0.01967     -0.05829      0.00427     -0.04816
      35.436     -0.02088     -0.05900      0.00214     -0.04815
      35.622     -0.02209     -0.05971      0.00002     -0.04798
      35.807     -0.02331     -0.06042     -0.00209     -0.04765
      35.993     -0.02452     -0.06112     -0.00419     -0.04717
      36.178     -0.02572     -0.06182     -0.00627     -0.04655
      36.364     -0.02692     -0.06250     -0.00831     -0.04577
      36.549     -0.02810     -0.06317     -0.01033     -0.04485
      36.735     -0.02926     -0.06383     -0.01230     -0.04379
      36.920     -0.03040     -0.06447     -0.01424     -0.04259
      37.106     -0.03151     -0.06509     -0.01612     -0.04126
      37.291     -0.03260     -0.06569     -0.01795     -0.03980
      37.477     -0.03365     -0.06627     -0.01972     -0.03821
      37.662     -0.03467     -0.06682     -0.02144     -0.03651
      37.848     -0.03565     -0.06735     -0.02308     -0.03469
      38.033     -0.03658     -0.06785     -0.02466     -0.03276
      38.219     -0.03748     -0.06832     -0.02616     -0.03072
      38.404     -0.03832     -0.06876     -0.02758     -0.02859
      38.590     -0.03912     -0.06916     -0.02893     -0.02637
      38.776     -0.03987     -0.06954     -0.03020     -0.02406
      38.961     -0.04056     -0.06987     -0.03137     -0.02168
      39.147     -0.04120     -0.07018     -0.03247     -0.01922
      39.332     -0.04178     -0.07044     -0.03347     -0.01670
      39.518     -0.04231     -0.07067     -0.03438     -0.01412
      39.703     -0.04277     -0.07086     -0.03520     -0.01149
      39.889     -0.04318     -0.07101     -0.03593     -0.00881
      40.074     -0.04352     -0.07112     -0.03656     -0.00610
      40.260     -0.04380     -0.07119     -0.03710     -0.00335
      40.445     -0.04402     -0.07122     -0.03754     -0.00058
      40.631     -0.04417     -0.07121     -0.03789      0.00220
      40.816     -0.04426     -0.07116     -0.03814      0.00500
      41.002     -0.04429     -0.07106     -0.03830      0.00779
      41.187     -0.04426     -0.07093     -0.03836      0.01059
      41.373     -0.04416     -0.07075     -0.03833      0.01337
      41.558     -0.04400     -0.07053     -0.03821      0.01613
      41.744     -0.04377     -0.07027     -0.03800      0.01887
      41.929     -0.04349     -0.06997     -0.03769      0.02158
      42.115     -0.04314     -0.06963     -0.03730      0.02425
      42.301     -0.04274     -0.06925     -0.03683      0.02688
      42.486     -0.04228     -0.06884     -0.03627      0.02945
      42.672     -0.04176     -0.06838     -0.03563      0.03198
      42.857     -0.04119     -0.06789     -0.03491      0.03444
      43.043     -0.04056     -0.06736     -0.03412      0.03684
      43.228     -0.03989     -0.06680     -0.03326      0.03917
      43.414     -0.03916     -0.06620     -0.03232      0.04142
      43.599     -0.03839     -0.06557     -0.03132      0.04359
      43.785     -0.03757     -0.06491     -0.03026      0.04568
      43.970     -0.03671     -0.06422     -0.02913      0.04767
      44.156     -0.03580     -0.06350     -0.02795      0.04958
      44.341     -0.03486     -0.06275     -0.02672      0.05139
      44.527     -0.03388     -0.06198     -0.02545      0.05310
      44.712     -0.03287     -0.06118     -0.02412      0.05471
      44.898     -0.03183     -0.06036     -0.02276      0.05621
      45.083     -0.03076     -0.05952     -0.02136      0.05761
      45.269     -0.02967     -0.05865     -0.01993      0.05889
      45.455     -0.02855     -0.05777     -0.01847      0.06007
      45.640     -0.02742     -0.05688     -0.01698      0.06113
      45.826     -0.02626     -0.05596     -0.01548      0.06208
      46.011     -0.02509     -0.05504     -0.01396      0.06292
      46.197     -0.02391     -0.05410     -0.01243      0.06364
      46.382     -0.02272     -0.05315     -0.01089      0.06424
      46.568     -0.02153     -0.05220     -0.00935      0.06473
      46.753     -0.02033     -0.05124     -0.00781      0.06511
      46.939     -0.01914     -0.05027     -0.00627      0.06537
      47.124     -0.01794     -0.04930     -0.00474      0.06552
      47.310     -0.01675     -0.04833     -0.00323      0.06556
      47.495     -0.01557     -0.04736     -0.00173      0.06548
      47.681     -0.01440     -0.04639     -0.00025      0.06530
      47.866     -0.01324     -0.04543      0.00120      0.06501
      48.052     -0.01209     -0.04447      0.00263      0.06462
      48.237     -0.01097     -0.04351      0.00403      0.06413
      48.423     -0.00986     -0.04257      0.00539      0.06353
      48.609     -0.00878     -0.04163      0.00672      0.06284
      48.794     -0.00772     -0.04071      0.00801      0.06206
      48.980     -0.00669     -0.03980      0.00925      0.06119
      49.165     -0.00569     -0.03890      0.01045      0.06023
      49.351     -0.00472     -0.03801      0.01160      0.05919
      49.536     -0.00378     -0.03714      0.01270      0.05807
      49.722     -0.00287     -0.03629      0.01374      0.05688
      49.907     -0.00200     -0.03546      0.01473      0.05562
      50.093     -0.00117     -0.03465      0.01567      0.05429
      50.278     -0.00038     -0.03385      0.01654      0.05290
      50.464      0.00038     -0.03308      0.01736      0.05145
      50.649      0.00109     -0.03233      0.01811      0.04996
      50.835      0.00176     -0.03160      0.01880      0.04841
      51.020      0.00239     -0.03090      0.01943      0.04683
      51.206      0.00297     -0.03021      0.01999      0.04520
      51.391      0.00351     -0.02956      0.02049      0.04354
      51.577      0.00401     -0.02893      0.02092      0.04186
      51.763      0.00446     -0.02832      0.02128      0.04015
      51.948      0.00486     -0.02774      0.02158      0.03843
      52.134      0.00522     -0.02718      0.02181      0.03669
      52.319      0.00554     -0.02665      0.02198      0.03494
      52.505      0.00581     -0.02615      0.02208      0.03319
      52.690      0.00603     -0.02567      0.02211      0.03145
      52.876      0.00621     -0.02521      0.02208      0.02971
      53.061      0.00634     -0.02479      0.02198      0.02798
      53.247      0.00643     -0.02439      0.02183      0.02626
      53.432      0.00648     -0.02401      0.02161      0.02457
      53.618      0.00648     -0.02366      0.02133      0.02290
      53.803      0.00644     -0.02333      0.02099      0.02126
      53.989      0.00637     -0.02303      0.02060      0.01965
      54.174      0.00625     -0.02275      0.02015      0.01808
      54.360      0.00609     -0.02249      0.01965      0.01655
      54.545      0.00590     -0.02226      0.01910      0.01506
      54.731      0.00567     -0.02205      0.01849      0.01362
      54.917      0.00541     -0.02186      0.01784      0.01224
      55.102      0.00511     -0.02168      0.01715      0.01090
      55.288      0.00478     -0.02153      0.01641      0.00963
      55.473      0.00443     -0.02140      0.01564      0.00841
      55.659      0.00404     -0.02128      0.01483      0.00726
      55.844      0.00363     -0.02118      0.01398      0.00618
      56.030      0.00320     -0.02110      0.01310      0.00516
      56.215      0.00274     -0.02103      0.01220      0.00420
      56.401      0.00226     -0.02097      0.01126      0.00333
      56.586      0.00176     -0.02093      0.01031      0.00252
      56.772      0.00125     -0.02090      0.00933      0.00179
      56.957      0.00072     -0.02088      0.00834      0.00113
      57.143      0.00018     -0.02087      0.00733      0.00055
      57.328     -0.00037     -0.02086      0.00632      0.00004
      57.514     -0.00093     -0.02086      0.00529     -0.00039
      57.699     -0.00150     -0.02087      0.00426     -0.00074
      57.885     -0.00207     -0.02089      0.00323     -0.00101
      58.071     -0.00264     -0.02090      0.00220     -0.00121
      58.256     -0.00322     -0.02092      0.00117     -0.00133
      58.442     -0.00379     -0.02094      0.00014     -0.00138
      58.627     -0.00436     -0.02096     -0.00087     -0.00134
      58.813     -0.00493     -0.02098     -0.00187     -0.00124
      58.998     -0.00549     -0.02100     -0.00286     -0.00106
      59.184     -0.00604     -0.02101     -0.00383     -0.00081
      59.369     -0.00658     -0.02102     -0.00477     -0.00049
      59.555     -0.00710     -0.02103     -0.00570     -0.00010
      59.740     -0.00762     -0.02102     -0.00660      0.00035
      59.926     -0.00811     -0.02102     -0.00748      0.00087
      60.111     -0.00859     -0.02100     -0.00832      0.00145
      60.297     -0.00905     -0.02097     -0.00914      0.00209
      60.482     -0.00949     -0.02094     -0.00992      0.00279
      60.668     -0.00991     -0.02089     -0.01067      0.00354
      60.853     -0.01031     -0.02083     -0.01138      0.00434
      61.039     -0.01068     -0.02076     -0.01205      0.00519
      61.224     -0.01103     -0.02068     -0.01268      0.00609
      61.410     -0.01135     -0.02058     -0.01327      0.00703
      61.596     -0.01164     -0.02047     -0.01381      0.00801
      61.781     -0.01191     -0.02034     -0.01431      0.00902
      61.967     -0.01215     -0.02020     -0.01477      0.01007
      62.152     -0.01235     -0.02004     -0.01518      0.01115
      62.338     -0.01253     -0.01987     -0.01554      0.01225
      62.523     -0.01268     -0.01968     -0.01586      0.01337
      62.709     -0.01279     -0.01947     -0.01613      0.01451
      62.894     -0.01287     -0.01925     -0.01635      0.01567
      63.080     -0.01292     -0.01901     -0.01652      0.01683
      63.265     -0.01294     -0.01875     -0.01664      0.01801
      63.451     -0.01293     -0.01848     -0.01672      0.01919
      63.636     -0.01288     -0.01818     -0.01674      0.02037
      63.822     -0.01281     -0.01787     -0.01672      0.02154
      64.007     -0.01270     -0.01755     -0.01665      0.02271
      64.193     -0.01256     -0.01720     -0.01653      0.02387
      64.378     -0.01239     -0.01684     -0.01637      0.02502
      64.564     -0.01218     -0.01646     -0.01616      0.02614
      64.750     -0.01195     -0.01607     -0.01590      0.02725
      64.935     -0.01169     -0.01565     -0.01561      0.02834
      65.121     -0.01140     -0.01523     -0.01527      0.02940
      65.306     -0.01108     -0.01478     -0.01488      0.03043
      65.492     -0.01073     -0.01433     -0.01446      0.03142
      65.677     -0.01036     -0.01385     -0.01400      0.03238
      65.863     -0.00996     -0.01337     -0.01350      0.03331
      66.048     -0.00954     -0.01287     -0.01297      0.03419
      66.234     -0.00909     -0.01235     -0.01240      0.03503
      66.419     -0.00862     -0.01183     -0.01180      0.03583
      66.605     -0.00813     -0.01129     -0.01117      0.03658
      66.790     -0.00762     -0.01075     -0.01051      0.03728
      66.976     -0.00710     -0.01019     -0.00983      0.03792
      67.161     -0.00655     -0.00962     -0.00912      0.03852
      67.347     -0.00599     -0.00905     -0.00839      0.03906
      67.532     -0.00542     -0.00847     -0.00764      0.03954
      67.718     -0.00483     -0.00788     -0.00687      0.03997
      67.904     -0.00423     -0.00728     -0.00609      0.04034
      68.089     -0.00362     -0.00668     -0.00529      0.04065
      68.275     -0.00301     -0.00608     -0.00448      0.04090
      68.460     -0.00238     -0.00547     -0.00367      0.04109
      68.646     -0.00175     -0.00486     -0.00284      0.04122
      68.831     -0.00112     -0.00425     -0.00201      0.04129
      69.017     -0.00048     -0.00364     -0.00118      0.04130
      69.202      0.00015     -0.00303     -0.00035      0.04124
      69.388      0.00079     -0.00242      0.00048      0.04113
      69.573      0.00142     -0.00181      0.00130      0.04095
      69.759      0.00205     -0.00121      0.00212      0.04072
      69.944      0.00267     -0.00061      0.00293      0.04042
      70.130      0.00329     -0.00001      0.00372      0.04007
      70.315      0.00390      0.00058      0.00451      0.03966
      70.501      0.00450      0.00116      0.00528      0.03919
      70.686      0.00509      0.00174      0.00603      0.03867
      70.872      0.00566      0.00231      0.00677      0.03810
      71.058      0.00622      0.00287      0.00748      0.03747
      71.243      0.00677      0.00342      0.00817      0.03680
      71.429      0.00731      0.00396      0.00884      0.03608
      71.614      0.00782      0.00449      0.00948      0.03531
      71.800      0.00832      0.00500      0.01010      0.03449
      71.985      0.00880      0.00551      0.01068      0.03364
      72.171      0.00925      0.00600      0.01124      0.03274
      72.356      0.00969      0.00648      0.01177      0.03181
      72.542      0.01011      0.00694      0.01226      0.03084
      72.727      0.01050      0.00739      0.01272      0.02984
      72.913      0.01087      0.00782      0.01314      0.02881
      73.098      0.01121      0.00824      0.01354      0.02775
      73.284      0.01153      0.00864      0.01389      0.02667
      73.469      0.01183      0.00903      0.01421      0.02556
      73.655      0.01210      0.00940      0.01449      0.02444
      73.840      0.01234      0.00976      0.01473      0.02330
      74.026      0.01256      0.01009      0.01494      0.02214
      74.212      0.01275      0.01041      0.01510      0.02098
      74.397      0.01292      0.01071      0.01523      0.01981
      74.583      0.01306      0.01100      0.01532      0.01863
      74.768      0.01317      0.01126      0.01538      0.01745
      74.954      0.01325      0.01151      0.01539      0.01627
      75.139      0.01331      0.01175      0.01537      0.01509
      75.325      0.01334      0.01196      0.01531      0.01393
      75.510      0.01335      0.01216      0.01521      0.01276
      75.696      0.01333      0.01234      0.01507      0.01162
      75.881      0.01328      0.01250      0.01490      0.01048
      76.067      0.01321      0.01265      0.01470      0.00936
      76.252      0.01312      0.01278      0.01446      0.00826
      76.438      0.01300      0.01289      0.01418      0.00719
      76.623      0.01286      0.01299      0.01388      0.00613
      76.809      0.01269      0.01308      0.01354      0.00510
      76.994      0.01251      0.01314      0.01318      0.00411
      77.180      0.01230      0.01320      0.01278      0.00314
      77.365      0.01208      0.01324      0.01236      0.00220
      77.551      0.01183      0.01326      0.01191      0.00130
      77.737      0.01156      0.01328      0.01144      0.00044
      77.922      0.01128      0.01328      0.01094     -0.00039
      78.108      0.01099      0.01326      0.01042     -0.00118
      78.293      0.01067      0.01324      0.00988     -0.00193
      78.479      0.01034      0.01321      0.00933     -0.00263
      78.664      0.01000      0.01316      0.00875     -0.00329
      78.850      0.00965      0.01311      0.00816     -0.00391
      79.035      0.00929      0.01305      0.00756     -0.00448
      79.221      0.00892      0.01298      0.00695     -0.00501
      79.406      0.00853      0.01290      0.00633     -0.00548
      79.592      0.00815      0.01282      0.00570     -0.00591
      79.777      0.00775      0.01273      0.00506     -0.00630
      79.963      0.00735      0.01263      0.00442     -0.00663
      80.148      0.00695      0.01253      0.00377     -0.00692
      80.334      0.00655      0.01243      0.00313     -0.00716
      80.519      0.00614      0.01232      0.00248     -0.00735
      80.705      0.00574      0.01221      0.00184     -0.00749
      80.891      0.00533      0.01210      0.00120     -0.00759
      81.076      0.00493      0.01198      0.00057     -0.00763
      81.262      0.00453      0.01187     -0.00005     -0.00764
      81.447      0.00414      0.01176     -0.00067     -0.00759
      81.633      0.00375      0.01165     -0.00127     -0.00750
      81.818      0.00337      0.01154     -0.00186     -0.00737
      82.004      0.00300      0.01143     -0.00244     -0.00720
      82.189      0.00263      0.01132     -0.00300     -0.00698
      82.375      0.00228      0.01122     -0.00354     -0.00672
      82.560      0.00194      0.01112     -0.00406     -0.00643
      82.746      0.00161      0.01103     -0.00457     -0.00609
      82.931      0.00129      0.01094     -0.00505     -0.00572
      83.117      0.00099      0.01086     -0.00551     -0.00532
      83.302      0.00070      0.01079     -0.00595     -0.00489
      83.488      0.00043      0.01072     -0.00637     -0.00442
      83.673      0.00017      0.01066     -0.00675     -0.00392
      83.859     -0.00007      0.01060     -0.00712     -0.00340
      84.045     -0.00030      0.01055     -0.00745     -0.00286
      84.230     -0.00050      0.01052     -0.00776     -0.00229
      84.416     -0.00069      0.01049     -0.00804     -0.00170
      84.601     -0.00086      0.01047     -0.00829     -0.00110
      84.787     -0.00101      0.01045     -0.00851     -0.00047
      84.972     -0.00114      0.01045     -0.00870      0.00016
      85.158     -0.00125      0.01046     -0.00886      0.00081
      85.343     -0.00134      0.01048     -0.00899      0.00147
      85.529     -0.00141      0.01050     -0.00909      0.00213
      85.714     -0.00146      0.01054     -0.00916      0.00280
      85.900     -0.00149      0.01059     -0.00920      0.00348
      86.085     -0.00150      0.01064     -0.00920      0.00415
      86.271     -0.00149      0.01071     -0.00918      0.00482
      86.456     -0.00146      0.01079     -0.00913      0.00548
      86.642     -0.00141      0.01087     -0.00905      0.00614
      86.827     -0.00134      0.01097     -0.00893      0.00679
      87.013     -0.00125      0.01107     -0.00879      0.00743
      87.199     -0.00114      0.01119     -0.00862      0.00806
      87.384     -0.00102      0.01131     -0.00843      0.00867
      87.570     -0.00087      0.01144     -0.00820      0.00927
      87.755     -0.00071      0.01159     -0.00795      0.00985
      87.941     -0.00053      0.01174     -0.00768      0.01040
      88.126     -0.00034      0.01189     -0.00738      0.01094
      88.312     -0.00012      0.01206     -0.00706      0.01145
      88.497      0.00010      0.01223     -0.00671      0.01193
      88.683      0.00034      0.01241     -0.00634      0.01239
      88.868      0.00060      0.01260     -0.00596      0.01282
      89.054      0.00086      0.01279     -0.00555      0.01321
      89.239      0.00114      0.01299     -0.00513      0.01358
      89.425      0.00143      0.01319     -0.00469      0.01392
      89.610      0.00173      0.01340     -0.00424      0.01422
      89.796      0.00204      0.01361     -0.00377      0.01448
      89.981      0.00236      0.01383     -0.00329      0.01471
      90.167      0.00269      0.01405     -0.00280      0.01491
      90.353      0.00302      0.01427     -0.00230      0.01507
      90.538      0.00336      0.01450     -0.00179      0.01519
      90.724      0.00370      0.01472     -0.00127      0.01527
      90.909      0.00405      0.01495     -0.00075      0.01531
      91.095      0.00440      0.01517     -0.00023      0.01532
      91.280      0.00475      0.01540      0.00030      0.01528
      91.466      0.00510      0.01563      0.00082      0.01521
      91.651      0.00545      0.01585      0.00135      0.01510
      91.837      0.00580      0.01607      0.00187      0.01495
      92.022      0.00615      0.01629      0.00239      0.01476
      92.208      0.00650      0.01651      0.00291      0.01454
      92.393      0.00684      0.01672      0.00342      0.01428
      92.579      0.00717      0.01693      0.00392      0.01398
      92.764      0.00750      0.01714      0.00441      0.01364
      92.950      0.00783      0.01734      0.00489      0.01327
      93.135      0.00814      0.01753      0.00536      0.01287
      93.321      0.00845      0.01772      0.00581      0.01243
      93.506      0.00874      0.01790      0.00626      0.01196
      93.692      0.00903      0.01807      0.00668      0.01146
      93.878      0.00931      0.01824      0.00709      0.01092
      94.063      0.00957      0.01840      0.00749      0.01036
      94.249      0.00982      0.01855      0.00786      0.00978
      94.434      0.01006      0.01869      0.00822      0.00916
      94.620      0.01028      0.01882      0.00855      0.00853
      94.805      0.01049      0.01894      0.00887      0.00787
      94.991      0.01069      0.01905      0.00916      0.00719
      95.176      0.01087      0.01915      0.00943      0.00648
      95.362      0.01103      0.01924      0.00967      0.00577
      95.547      0.01118      0.01932      0.00990      0.00503
      95.733      0.01131      0.01939      0.01010      0.00428
      95.918      0.01143      0.01945      0.01027      0.00352
      96.104      0.01152      0.01949      0.01042      0.00275
      96.289      0.01160      0.01953      0.01054      0.00197
      96.475      0.01167      0.01955      0.01064      0.00119
      96.660      0.01171      0.01956      0.01071      0.00040
      96.846      0.01174      0.01956      0.01076     -0.00040
      97.032      0.01175      0.01955      0.01078     -0.00119
      97.217      0.01174      0.01953      0.01077     -0.00198
      97.403      0.01171      0.01949      0.01074     -0.00278
      97.588      0.01167      0.01945      0.01069     -0.00356
      97.774      0.01160      0.01939      0.01061     -0.00434
      97.959      0.01153      0.01932      0.01050     -0.00511
      98.145      0.01143      0.01924      0.01037     -0.00587
      98.330      0.01132      0.01914      0.01022     -0.00662
      98.516      0.01119      0.01904      0.01004     -0.00736
      98.701      0.01104      0.01893      0.00984     -0.00808
      98.887      0.01088      0.01880      0.00962     -0.00878
      99.072      0.01070      0.01867      0.00938     -0.00947
      99.258      0.01051      0.01852      0.00912     -0.01013
      99.443      0.01031      0.01837      0.00883     -0.01078
      99.629      0.01009      0.01820      0.00853     -0.01140
      99.814      0.00986      0.01803      0.00821     -0.01200
     100.000      0.00961      0.01785      0.00787     -0.01257
